title:PVE列表-竞技场

// Kindled Orchid - 绽放兰花 (pve)
//notes: 高爆和失衡在同一位置，略逊于上古福音（包括起源特性）。 tags:pve
dimwishlist:item=334964261&perks=839105230,1087426260,3700496672,3038247973
dimwishlist:item=334964261&perks=839105230,1087426260,3700496672,2048641572
dimwishlist:item=334964261&perks=839105230,1087426260,3700496672,1464081238
dimwishlist:item=334964261&perks=839105230,1087426260,776531651,3038247973
dimwishlist:item=334964261&perks=839105230,1087426260,776531651,2048641572
dimwishlist:item=334964261&perks=839105230,1087426260,776531651,1464081238
dimwishlist:item=334964261&perks=839105230,1087426260,2360347339,3038247973
dimwishlist:item=334964261&perks=839105230,1087426260,2360347339,2048641572
dimwishlist:item=334964261&perks=839105230,1087426260,2360347339,1464081238
dimwishlist:item=334964261&perks=839105230,106909392,3700496672,3038247973
dimwishlist:item=334964261&perks=839105230,106909392,3700496672,2048641572
dimwishlist:item=334964261&perks=839105230,106909392,3700496672,1464081238
dimwishlist:item=334964261&perks=839105230,106909392,776531651,3038247973
dimwishlist:item=334964261&perks=839105230,106909392,776531651,2048641572
dimwishlist:item=334964261&perks=839105230,106909392,776531651,1464081238
dimwishlist:item=334964261&perks=839105230,106909392,2360347339,3038247973
dimwishlist:item=334964261&perks=839105230,106909392,2360347339,2048641572
dimwishlist:item=334964261&perks=839105230,106909392,2360347339,1464081238
dimwishlist:item=334964261&perks=839105230,3230963543,3700496672,3038247973
dimwishlist:item=334964261&perks=839105230,3230963543,3700496672,2048641572
dimwishlist:item=334964261&perks=839105230,3230963543,3700496672,1464081238
dimwishlist:item=334964261&perks=839105230,3230963543,776531651,3038247973
dimwishlist:item=334964261&perks=839105230,3230963543,776531651,2048641572
dimwishlist:item=334964261&perks=839105230,3230963543,776531651,1464081238
dimwishlist:item=334964261&perks=839105230,3230963543,2360347339,3038247973
dimwishlist:item=334964261&perks=839105230,3230963543,2360347339,2048641572
dimwishlist:item=334964261&perks=839105230,3230963543,2360347339,1464081238
dimwishlist:item=334964261&perks=4090651448,1087426260,3700496672,3038247973
dimwishlist:item=334964261&perks=4090651448,1087426260,3700496672,2048641572
dimwishlist:item=334964261&perks=4090651448,1087426260,3700496672,1464081238
dimwishlist:item=334964261&perks=4090651448,1087426260,776531651,3038247973
dimwishlist:item=334964261&perks=4090651448,1087426260,776531651,2048641572
dimwishlist:item=334964261&perks=4090651448,1087426260,776531651,1464081238
dimwishlist:item=334964261&perks=4090651448,1087426260,2360347339,3038247973
dimwishlist:item=334964261&perks=4090651448,1087426260,2360347339,2048641572
dimwishlist:item=334964261&perks=4090651448,1087426260,2360347339,1464081238
dimwishlist:item=334964261&perks=4090651448,106909392,3700496672,3038247973
dimwishlist:item=334964261&perks=4090651448,106909392,3700496672,2048641572
dimwishlist:item=334964261&perks=4090651448,106909392,3700496672,1464081238
dimwishlist:item=334964261&perks=4090651448,106909392,776531651,3038247973
dimwishlist:item=334964261&perks=4090651448,106909392,776531651,2048641572
dimwishlist:item=334964261&perks=4090651448,106909392,776531651,1464081238
dimwishlist:item=334964261&perks=4090651448,106909392,2360347339,3038247973
dimwishlist:item=334964261&perks=4090651448,106909392,2360347339,2048641572
dimwishlist:item=334964261&perks=4090651448,106909392,2360347339,1464081238
dimwishlist:item=334964261&perks=4090651448,3230963543,3700496672,3038247973
dimwishlist:item=334964261&perks=4090651448,3230963543,3700496672,2048641572
dimwishlist:item=334964261&perks=4090651448,3230963543,3700496672,1464081238
dimwishlist:item=334964261&perks=4090651448,3230963543,776531651,3038247973
dimwishlist:item=334964261&perks=4090651448,3230963543,776531651,2048641572
dimwishlist:item=334964261&perks=4090651448,3230963543,776531651,1464081238
dimwishlist:item=334964261&perks=4090651448,3230963543,2360347339,3038247973
dimwishlist:item=334964261&perks=4090651448,3230963543,2360347339,2048641572
dimwishlist:item=334964261&perks=4090651448,3230963543,2360347339,1464081238
dimwishlist:item=334964261&perks=1840239774,1087426260,3700496672,3038247973
dimwishlist:item=334964261&perks=1840239774,1087426260,3700496672,2048641572
dimwishlist:item=334964261&perks=1840239774,1087426260,3700496672,1464081238
dimwishlist:item=334964261&perks=1840239774,1087426260,776531651,3038247973
dimwishlist:item=334964261&perks=1840239774,1087426260,776531651,2048641572
dimwishlist:item=334964261&perks=1840239774,1087426260,776531651,1464081238
dimwishlist:item=334964261&perks=1840239774,1087426260,2360347339,3038247973
dimwishlist:item=334964261&perks=1840239774,1087426260,2360347339,2048641572
dimwishlist:item=334964261&perks=1840239774,1087426260,2360347339,1464081238
dimwishlist:item=334964261&perks=1840239774,106909392,3700496672,3038247973
dimwishlist:item=334964261&perks=1840239774,106909392,3700496672,2048641572
dimwishlist:item=334964261&perks=1840239774,106909392,3700496672,1464081238
dimwishlist:item=334964261&perks=1840239774,106909392,776531651,3038247973
dimwishlist:item=334964261&perks=1840239774,106909392,776531651,2048641572
dimwishlist:item=334964261&perks=1840239774,106909392,776531651,1464081238
dimwishlist:item=334964261&perks=1840239774,106909392,2360347339,3038247973
dimwishlist:item=334964261&perks=1840239774,106909392,2360347339,2048641572
dimwishlist:item=334964261&perks=1840239774,106909392,2360347339,1464081238
dimwishlist:item=334964261&perks=1840239774,3230963543,3700496672,3038247973
dimwishlist:item=334964261&perks=1840239774,3230963543,3700496672,2048641572
dimwishlist:item=334964261&perks=1840239774,3230963543,3700496672,1464081238
dimwishlist:item=334964261&perks=1840239774,3230963543,776531651,3038247973
dimwishlist:item=334964261&perks=1840239774,3230963543,776531651,2048641572
dimwishlist:item=334964261&perks=1840239774,3230963543,776531651,1464081238
dimwishlist:item=334964261&perks=1840239774,3230963543,2360347339,3038247973
dimwishlist:item=334964261&perks=1840239774,3230963543,2360347339,2048641572
dimwishlist:item=334964261&perks=1840239774,3230963543,2360347339,1464081238


// Bellowing Giant - 轰鸣巨人 (pve)
//notes: 双增伤，注意持久印象的延时爆炸相对不好叠收割者贡品 tags:pve
dimwishlist:item=412265080&perks=1478423395,2822142346,3927722942,3764420437
dimwishlist:item=412265080&perks=1478423395,2822142346,3927722942,113508675
dimwishlist:item=412265080&perks=1478423395,3796465595,3927722942,3764420437
dimwishlist:item=412265080&perks=1478423395,3796465595,3927722942,113508675
dimwishlist:item=412265080&perks=1478423395,2985827016,3927722942,3764420437
dimwishlist:item=412265080&perks=1478423395,2985827016,3927722942,113508675
dimwishlist:item=412265080&perks=1441682018,2822142346,3927722942,3764420437
dimwishlist:item=412265080&perks=1441682018,2822142346,3927722942,113508675
dimwishlist:item=412265080&perks=1441682018,3796465595,3927722942,3764420437
dimwishlist:item=412265080&perks=1441682018,3796465595,3927722942,113508675
dimwishlist:item=412265080&perks=1441682018,2985827016,3927722942,3764420437
dimwishlist:item=412265080&perks=1441682018,2985827016,3927722942,113508675
dimwishlist:item=412265080&perks=3525010810,2822142346,3927722942,3764420437
dimwishlist:item=412265080&perks=3525010810,2822142346,3927722942,113508675
dimwishlist:item=412265080&perks=3525010810,3796465595,3927722942,3764420437
dimwishlist:item=412265080&perks=3525010810,3796465595,3927722942,113508675
dimwishlist:item=412265080&perks=3525010810,2985827016,3927722942,3764420437
dimwishlist:item=412265080&perks=3525010810,2985827016,3927722942,113508675
dimwishlist:item=412265080&perks=3798852852,2822142346,3927722942,3764420437
dimwishlist:item=412265080&perks=3798852852,2822142346,3927722942,113508675
dimwishlist:item=412265080&perks=3798852852,3796465595,3927722942,3764420437
dimwishlist:item=412265080&perks=3798852852,3796465595,3927722942,113508675
dimwishlist:item=412265080&perks=3798852852,2985827016,3927722942,3764420437
dimwishlist:item=412265080&perks=3798852852,2985827016,3927722942,113508675


// Hammerhead - 锤头 (god-pve)
//notes: 日常爆破+击杀记录通用，刷枪时可以和纪念/惩戒措施的PERK分开. tags:god-pve
dimwishlist:item=850999853&perks=839105230,1087426260,1354429876,557221067
dimwishlist:item=850999853&perks=839105230,1087426260,1354429876,1464081238
dimwishlist:item=850999853&perks=839105230,1087426260,3523296417,557221067
dimwishlist:item=850999853&perks=839105230,1087426260,3523296417,1464081238
dimwishlist:item=850999853&perks=839105230,1087426260,2048641572,557221067
dimwishlist:item=850999853&perks=839105230,1087426260,2048641572,1464081238
dimwishlist:item=850999853&perks=839105230,1087426260,3182497402,557221067
dimwishlist:item=850999853&perks=839105230,1087426260,3182497402,1464081238
dimwishlist:item=850999853&perks=839105230,3230963543,1354429876,557221067
dimwishlist:item=850999853&perks=839105230,3230963543,1354429876,1464081238
dimwishlist:item=850999853&perks=839105230,3230963543,3523296417,557221067
dimwishlist:item=850999853&perks=839105230,3230963543,3523296417,1464081238
dimwishlist:item=850999853&perks=839105230,3230963543,2048641572,557221067
dimwishlist:item=850999853&perks=839105230,3230963543,2048641572,1464081238
dimwishlist:item=850999853&perks=839105230,3230963543,3182497402,557221067
dimwishlist:item=850999853&perks=839105230,3230963543,3182497402,1464081238
dimwishlist:item=850999853&perks=839105230,106909392,1354429876,557221067
dimwishlist:item=850999853&perks=839105230,106909392,1354429876,1464081238
dimwishlist:item=850999853&perks=839105230,106909392,3523296417,557221067
dimwishlist:item=850999853&perks=839105230,106909392,3523296417,1464081238
dimwishlist:item=850999853&perks=839105230,106909392,2048641572,557221067
dimwishlist:item=850999853&perks=839105230,106909392,2048641572,1464081238
dimwishlist:item=850999853&perks=839105230,106909392,3182497402,557221067
dimwishlist:item=850999853&perks=839105230,106909392,3182497402,1464081238
dimwishlist:item=850999853&perks=4090651448,1087426260,1354429876,557221067
dimwishlist:item=850999853&perks=4090651448,1087426260,1354429876,1464081238
dimwishlist:item=850999853&perks=4090651448,1087426260,3523296417,557221067
dimwishlist:item=850999853&perks=4090651448,1087426260,3523296417,1464081238
dimwishlist:item=850999853&perks=4090651448,1087426260,2048641572,557221067
dimwishlist:item=850999853&perks=4090651448,1087426260,2048641572,1464081238
dimwishlist:item=850999853&perks=4090651448,1087426260,3182497402,557221067
dimwishlist:item=850999853&perks=4090651448,1087426260,3182497402,1464081238
dimwishlist:item=850999853&perks=4090651448,3230963543,1354429876,557221067
dimwishlist:item=850999853&perks=4090651448,3230963543,1354429876,1464081238
dimwishlist:item=850999853&perks=4090651448,3230963543,3523296417,557221067
dimwishlist:item=850999853&perks=4090651448,3230963543,3523296417,1464081238
dimwishlist:item=850999853&perks=4090651448,3230963543,2048641572,557221067
dimwishlist:item=850999853&perks=4090651448,3230963543,2048641572,1464081238
dimwishlist:item=850999853&perks=4090651448,3230963543,3182497402,557221067
dimwishlist:item=850999853&perks=4090651448,3230963543,3182497402,1464081238
dimwishlist:item=850999853&perks=4090651448,106909392,1354429876,557221067
dimwishlist:item=850999853&perks=4090651448,106909392,1354429876,1464081238
dimwishlist:item=850999853&perks=4090651448,106909392,3523296417,557221067
dimwishlist:item=850999853&perks=4090651448,106909392,3523296417,1464081238
dimwishlist:item=850999853&perks=4090651448,106909392,2048641572,557221067
dimwishlist:item=850999853&perks=4090651448,106909392,2048641572,1464081238
dimwishlist:item=850999853&perks=4090651448,106909392,3182497402,557221067
dimwishlist:item=850999853&perks=4090651448,106909392,3182497402,1464081238
dimwishlist:item=850999853&perks=1840239774,1087426260,1354429876,557221067
dimwishlist:item=850999853&perks=1840239774,1087426260,1354429876,1464081238
dimwishlist:item=850999853&perks=1840239774,1087426260,3523296417,557221067
dimwishlist:item=850999853&perks=1840239774,1087426260,3523296417,1464081238
dimwishlist:item=850999853&perks=1840239774,1087426260,2048641572,557221067
dimwishlist:item=850999853&perks=1840239774,1087426260,2048641572,1464081238
dimwishlist:item=850999853&perks=1840239774,1087426260,3182497402,557221067
dimwishlist:item=850999853&perks=1840239774,1087426260,3182497402,1464081238
dimwishlist:item=850999853&perks=1840239774,3230963543,1354429876,557221067
dimwishlist:item=850999853&perks=1840239774,3230963543,1354429876,1464081238
dimwishlist:item=850999853&perks=1840239774,3230963543,3523296417,557221067
dimwishlist:item=850999853&perks=1840239774,3230963543,3523296417,1464081238
dimwishlist:item=850999853&perks=1840239774,3230963543,2048641572,557221067
dimwishlist:item=850999853&perks=1840239774,3230963543,2048641572,1464081238
dimwishlist:item=850999853&perks=1840239774,3230963543,3182497402,557221067
dimwishlist:item=850999853&perks=1840239774,3230963543,3182497402,1464081238
dimwishlist:item=850999853&perks=1840239774,106909392,1354429876,557221067
dimwishlist:item=850999853&perks=1840239774,106909392,1354429876,1464081238
dimwishlist:item=850999853&perks=1840239774,106909392,3523296417,557221067
dimwishlist:item=850999853&perks=1840239774,106909392,3523296417,1464081238
dimwishlist:item=850999853&perks=1840239774,106909392,2048641572,557221067
dimwishlist:item=850999853&perks=1840239774,106909392,2048641572,1464081238
dimwishlist:item=850999853&perks=1840239774,106909392,3182497402,557221067
dimwishlist:item=850999853&perks=1840239774,106909392,3182497402,1464081238


// Threat Level - 威胁等级 (pve)
//notes: tags:pve
dimwishlist:item=950894542&perks=1482024992,1087426260,3751912585,3640170453
dimwishlist:item=950894542&perks=1482024992,1087426260,3751912585,2360754333
dimwishlist:item=950894542&perks=1482024992,1087426260,3751912585,3078487919
dimwishlist:item=950894542&perks=1482024992,1087426260,3751912585,1089671869
dimwishlist:item=950894542&perks=1482024992,1087426260,1631667848,3640170453
dimwishlist:item=950894542&perks=1482024992,1087426260,1631667848,2360754333
dimwishlist:item=950894542&perks=1482024992,1087426260,1631667848,3078487919
dimwishlist:item=950894542&perks=1482024992,1087426260,1631667848,1089671869
dimwishlist:item=950894542&perks=1482024992,1087426260,2679249093,3640170453
dimwishlist:item=950894542&perks=1482024992,1087426260,2679249093,2360754333
dimwishlist:item=950894542&perks=1482024992,1087426260,2679249093,3078487919
dimwishlist:item=950894542&perks=1482024992,1087426260,2679249093,1089671869
dimwishlist:item=950894542&perks=1482024992,106909392,3751912585,3640170453
dimwishlist:item=950894542&perks=1482024992,106909392,3751912585,2360754333
dimwishlist:item=950894542&perks=1482024992,106909392,3751912585,3078487919
dimwishlist:item=950894542&perks=1482024992,106909392,3751912585,1089671869
dimwishlist:item=950894542&perks=1482024992,106909392,1631667848,3640170453
dimwishlist:item=950894542&perks=1482024992,106909392,1631667848,2360754333
dimwishlist:item=950894542&perks=1482024992,106909392,1631667848,3078487919
dimwishlist:item=950894542&perks=1482024992,106909392,1631667848,1089671869
dimwishlist:item=950894542&perks=1482024992,106909392,2679249093,3640170453
dimwishlist:item=950894542&perks=1482024992,106909392,2679249093,2360754333
dimwishlist:item=950894542&perks=1482024992,106909392,2679249093,3078487919
dimwishlist:item=950894542&perks=1482024992,106909392,2679249093,1089671869
dimwishlist:item=950894542&perks=1482024992,3230963543,3751912585,3640170453
dimwishlist:item=950894542&perks=1482024992,3230963543,3751912585,2360754333
dimwishlist:item=950894542&perks=1482024992,3230963543,3751912585,3078487919
dimwishlist:item=950894542&perks=1482024992,3230963543,3751912585,1089671869
dimwishlist:item=950894542&perks=1482024992,3230963543,1631667848,3640170453
dimwishlist:item=950894542&perks=1482024992,3230963543,1631667848,2360754333
dimwishlist:item=950894542&perks=1482024992,3230963543,1631667848,3078487919
dimwishlist:item=950894542&perks=1482024992,3230963543,1631667848,1089671869
dimwishlist:item=950894542&perks=1482024992,3230963543,2679249093,3640170453
dimwishlist:item=950894542&perks=1482024992,3230963543,2679249093,2360754333
dimwishlist:item=950894542&perks=1482024992,3230963543,2679249093,3078487919
dimwishlist:item=950894542&perks=1482024992,3230963543,2679249093,1089671869
dimwishlist:item=950894542&perks=1482024992,2420895100,3751912585,3640170453
dimwishlist:item=950894542&perks=1482024992,2420895100,3751912585,2360754333
dimwishlist:item=950894542&perks=1482024992,2420895100,3751912585,3078487919
dimwishlist:item=950894542&perks=1482024992,2420895100,3751912585,1089671869
dimwishlist:item=950894542&perks=1482024992,2420895100,1631667848,3640170453
dimwishlist:item=950894542&perks=1482024992,2420895100,1631667848,2360754333
dimwishlist:item=950894542&perks=1482024992,2420895100,1631667848,3078487919
dimwishlist:item=950894542&perks=1482024992,2420895100,1631667848,1089671869
dimwishlist:item=950894542&perks=1482024992,2420895100,2679249093,3640170453
dimwishlist:item=950894542&perks=1482024992,2420895100,2679249093,2360754333
dimwishlist:item=950894542&perks=1482024992,2420895100,2679249093,3078487919
dimwishlist:item=950894542&perks=1482024992,2420895100,2679249093,1089671869
dimwishlist:item=950894542&perks=1300023272,1087426260,3751912585,3640170453
dimwishlist:item=950894542&perks=1300023272,1087426260,3751912585,2360754333
dimwishlist:item=950894542&perks=1300023272,1087426260,3751912585,3078487919
dimwishlist:item=950894542&perks=1300023272,1087426260,3751912585,1089671869
dimwishlist:item=950894542&perks=1300023272,1087426260,1631667848,3640170453
dimwishlist:item=950894542&perks=1300023272,1087426260,1631667848,2360754333
dimwishlist:item=950894542&perks=1300023272,1087426260,1631667848,3078487919
dimwishlist:item=950894542&perks=1300023272,1087426260,1631667848,1089671869
dimwishlist:item=950894542&perks=1300023272,1087426260,2679249093,3640170453
dimwishlist:item=950894542&perks=1300023272,1087426260,2679249093,2360754333
dimwishlist:item=950894542&perks=1300023272,1087426260,2679249093,3078487919
dimwishlist:item=950894542&perks=1300023272,1087426260,2679249093,1089671869
dimwishlist:item=950894542&perks=1300023272,106909392,3751912585,3640170453
dimwishlist:item=950894542&perks=1300023272,106909392,3751912585,2360754333
dimwishlist:item=950894542&perks=1300023272,106909392,3751912585,3078487919
dimwishlist:item=950894542&perks=1300023272,106909392,3751912585,1089671869
dimwishlist:item=950894542&perks=1300023272,106909392,1631667848,3640170453
dimwishlist:item=950894542&perks=1300023272,106909392,1631667848,2360754333
dimwishlist:item=950894542&perks=1300023272,106909392,1631667848,3078487919
dimwishlist:item=950894542&perks=1300023272,106909392,1631667848,1089671869
dimwishlist:item=950894542&perks=1300023272,106909392,2679249093,3640170453
dimwishlist:item=950894542&perks=1300023272,106909392,2679249093,2360754333
dimwishlist:item=950894542&perks=1300023272,106909392,2679249093,3078487919
dimwishlist:item=950894542&perks=1300023272,106909392,2679249093,1089671869
dimwishlist:item=950894542&perks=1300023272,3230963543,3751912585,3640170453
dimwishlist:item=950894542&perks=1300023272,3230963543,3751912585,2360754333
dimwishlist:item=950894542&perks=1300023272,3230963543,3751912585,3078487919
dimwishlist:item=950894542&perks=1300023272,3230963543,3751912585,1089671869
dimwishlist:item=950894542&perks=1300023272,3230963543,1631667848,3640170453
dimwishlist:item=950894542&perks=1300023272,3230963543,1631667848,2360754333
dimwishlist:item=950894542&perks=1300023272,3230963543,1631667848,3078487919
dimwishlist:item=950894542&perks=1300023272,3230963543,1631667848,1089671869
dimwishlist:item=950894542&perks=1300023272,3230963543,2679249093,3640170453
dimwishlist:item=950894542&perks=1300023272,3230963543,2679249093,2360754333
dimwishlist:item=950894542&perks=1300023272,3230963543,2679249093,3078487919
dimwishlist:item=950894542&perks=1300023272,3230963543,2679249093,1089671869
dimwishlist:item=950894542&perks=1300023272,2420895100,3751912585,3640170453
dimwishlist:item=950894542&perks=1300023272,2420895100,3751912585,2360754333
dimwishlist:item=950894542&perks=1300023272,2420895100,3751912585,3078487919
dimwishlist:item=950894542&perks=1300023272,2420895100,3751912585,1089671869
dimwishlist:item=950894542&perks=1300023272,2420895100,1631667848,3640170453
dimwishlist:item=950894542&perks=1300023272,2420895100,1631667848,2360754333
dimwishlist:item=950894542&perks=1300023272,2420895100,1631667848,3078487919
dimwishlist:item=950894542&perks=1300023272,2420895100,1631667848,1089671869
dimwishlist:item=950894542&perks=1300023272,2420895100,2679249093,3640170453
dimwishlist:item=950894542&perks=1300023272,2420895100,2679249093,2360754333
dimwishlist:item=950894542&perks=1300023272,2420895100,2679249093,3078487919
dimwishlist:item=950894542&perks=1300023272,2420895100,2679249093,1089671869
dimwishlist:item=950894542&perks=4090651448,1087426260,3751912585,3640170453
dimwishlist:item=950894542&perks=4090651448,1087426260,3751912585,2360754333
dimwishlist:item=950894542&perks=4090651448,1087426260,3751912585,3078487919
dimwishlist:item=950894542&perks=4090651448,1087426260,3751912585,1089671869
dimwishlist:item=950894542&perks=4090651448,1087426260,1631667848,3640170453
dimwishlist:item=950894542&perks=4090651448,1087426260,1631667848,2360754333
dimwishlist:item=950894542&perks=4090651448,1087426260,1631667848,3078487919
dimwishlist:item=950894542&perks=4090651448,1087426260,1631667848,1089671869
dimwishlist:item=950894542&perks=4090651448,1087426260,2679249093,3640170453
dimwishlist:item=950894542&perks=4090651448,1087426260,2679249093,2360754333
dimwishlist:item=950894542&perks=4090651448,1087426260,2679249093,3078487919
dimwishlist:item=950894542&perks=4090651448,1087426260,2679249093,1089671869
dimwishlist:item=950894542&perks=4090651448,106909392,3751912585,3640170453
dimwishlist:item=950894542&perks=4090651448,106909392,3751912585,2360754333
dimwishlist:item=950894542&perks=4090651448,106909392,3751912585,3078487919
dimwishlist:item=950894542&perks=4090651448,106909392,3751912585,1089671869
dimwishlist:item=950894542&perks=4090651448,106909392,1631667848,3640170453
dimwishlist:item=950894542&perks=4090651448,106909392,1631667848,2360754333
dimwishlist:item=950894542&perks=4090651448,106909392,1631667848,3078487919
dimwishlist:item=950894542&perks=4090651448,106909392,1631667848,1089671869
dimwishlist:item=950894542&perks=4090651448,106909392,2679249093,3640170453
dimwishlist:item=950894542&perks=4090651448,106909392,2679249093,2360754333
dimwishlist:item=950894542&perks=4090651448,106909392,2679249093,3078487919
dimwishlist:item=950894542&perks=4090651448,106909392,2679249093,1089671869
dimwishlist:item=950894542&perks=4090651448,3230963543,3751912585,3640170453
dimwishlist:item=950894542&perks=4090651448,3230963543,3751912585,2360754333
dimwishlist:item=950894542&perks=4090651448,3230963543,3751912585,3078487919
dimwishlist:item=950894542&perks=4090651448,3230963543,3751912585,1089671869
dimwishlist:item=950894542&perks=4090651448,3230963543,1631667848,3640170453
dimwishlist:item=950894542&perks=4090651448,3230963543,1631667848,2360754333
dimwishlist:item=950894542&perks=4090651448,3230963543,1631667848,3078487919
dimwishlist:item=950894542&perks=4090651448,3230963543,1631667848,1089671869
dimwishlist:item=950894542&perks=4090651448,3230963543,2679249093,3640170453
dimwishlist:item=950894542&perks=4090651448,3230963543,2679249093,2360754333
dimwishlist:item=950894542&perks=4090651448,3230963543,2679249093,3078487919
dimwishlist:item=950894542&perks=4090651448,3230963543,2679249093,1089671869
dimwishlist:item=950894542&perks=4090651448,2420895100,3751912585,3640170453
dimwishlist:item=950894542&perks=4090651448,2420895100,3751912585,2360754333
dimwishlist:item=950894542&perks=4090651448,2420895100,3751912585,3078487919
dimwishlist:item=950894542&perks=4090651448,2420895100,3751912585,1089671869
dimwishlist:item=950894542&perks=4090651448,2420895100,1631667848,3640170453
dimwishlist:item=950894542&perks=4090651448,2420895100,1631667848,2360754333
dimwishlist:item=950894542&perks=4090651448,2420895100,1631667848,3078487919
dimwishlist:item=950894542&perks=4090651448,2420895100,1631667848,1089671869
dimwishlist:item=950894542&perks=4090651448,2420895100,2679249093,3640170453
dimwishlist:item=950894542&perks=4090651448,2420895100,2679249093,2360754333
dimwishlist:item=950894542&perks=4090651448,2420895100,2679249093,3078487919
dimwishlist:item=950894542&perks=4090651448,2420895100,2679249093,1089671869
dimwishlist:item=950894542&perks=1047830412,1087426260,3751912585,3640170453
dimwishlist:item=950894542&perks=1047830412,1087426260,3751912585,2360754333
dimwishlist:item=950894542&perks=1047830412,1087426260,3751912585,3078487919
dimwishlist:item=950894542&perks=1047830412,1087426260,3751912585,1089671869
dimwishlist:item=950894542&perks=1047830412,1087426260,1631667848,3640170453
dimwishlist:item=950894542&perks=1047830412,1087426260,1631667848,2360754333
dimwishlist:item=950894542&perks=1047830412,1087426260,1631667848,3078487919
dimwishlist:item=950894542&perks=1047830412,1087426260,1631667848,1089671869
dimwishlist:item=950894542&perks=1047830412,1087426260,2679249093,3640170453
dimwishlist:item=950894542&perks=1047830412,1087426260,2679249093,2360754333
dimwishlist:item=950894542&perks=1047830412,1087426260,2679249093,3078487919
dimwishlist:item=950894542&perks=1047830412,1087426260,2679249093,1089671869
dimwishlist:item=950894542&perks=1047830412,106909392,3751912585,3640170453
dimwishlist:item=950894542&perks=1047830412,106909392,3751912585,2360754333
dimwishlist:item=950894542&perks=1047830412,106909392,3751912585,3078487919
dimwishlist:item=950894542&perks=1047830412,106909392,3751912585,1089671869
dimwishlist:item=950894542&perks=1047830412,106909392,1631667848,3640170453
dimwishlist:item=950894542&perks=1047830412,106909392,1631667848,2360754333
dimwishlist:item=950894542&perks=1047830412,106909392,1631667848,3078487919
dimwishlist:item=950894542&perks=1047830412,106909392,1631667848,1089671869
dimwishlist:item=950894542&perks=1047830412,106909392,2679249093,3640170453
dimwishlist:item=950894542&perks=1047830412,106909392,2679249093,2360754333
dimwishlist:item=950894542&perks=1047830412,106909392,2679249093,3078487919
dimwishlist:item=950894542&perks=1047830412,106909392,2679249093,1089671869
dimwishlist:item=950894542&perks=1047830412,3230963543,3751912585,3640170453
dimwishlist:item=950894542&perks=1047830412,3230963543,3751912585,2360754333
dimwishlist:item=950894542&perks=1047830412,3230963543,3751912585,3078487919
dimwishlist:item=950894542&perks=1047830412,3230963543,3751912585,1089671869
dimwishlist:item=950894542&perks=1047830412,3230963543,1631667848,3640170453
dimwishlist:item=950894542&perks=1047830412,3230963543,1631667848,2360754333
dimwishlist:item=950894542&perks=1047830412,3230963543,1631667848,3078487919
dimwishlist:item=950894542&perks=1047830412,3230963543,1631667848,1089671869
dimwishlist:item=950894542&perks=1047830412,3230963543,2679249093,3640170453
dimwishlist:item=950894542&perks=1047830412,3230963543,2679249093,2360754333
dimwishlist:item=950894542&perks=1047830412,3230963543,2679249093,3078487919
dimwishlist:item=950894542&perks=1047830412,3230963543,2679249093,1089671869
dimwishlist:item=950894542&perks=1047830412,2420895100,3751912585,3640170453
dimwishlist:item=950894542&perks=1047830412,2420895100,3751912585,2360754333
dimwishlist:item=950894542&perks=1047830412,2420895100,3751912585,3078487919
dimwishlist:item=950894542&perks=1047830412,2420895100,3751912585,1089671869
dimwishlist:item=950894542&perks=1047830412,2420895100,1631667848,3640170453
dimwishlist:item=950894542&perks=1047830412,2420895100,1631667848,2360754333
dimwishlist:item=950894542&perks=1047830412,2420895100,1631667848,3078487919
dimwishlist:item=950894542&perks=1047830412,2420895100,1631667848,1089671869
dimwishlist:item=950894542&perks=1047830412,2420895100,2679249093,3640170453
dimwishlist:item=950894542&perks=1047830412,2420895100,2679249093,2360754333
dimwishlist:item=950894542&perks=1047830412,2420895100,2679249093,3078487919
dimwishlist:item=950894542&perks=1047830412,2420895100,2679249093,1089671869


// The Spiteful Fang - 恶意尖牙 (pve)
//notes: tags:pve
dimwishlist:item=1094998581&perks=124408337,2922950962
dimwishlist:item=1094998581&perks=124408337,3365897133
dimwishlist:item=1094998581&perks=1955165503,2922950962
dimwishlist:item=1094998581&perks=1955165503,3365897133


// No Feelings - 无感 (pvp)
//notes: PVP无成本3tap。 tags:pvp
dimwishlist:item=1271275406&perks=839105230,3142289711,3619207468,2551157718
dimwishlist:item=1271275406&perks=839105230,106909392,3619207468,2551157718
dimwishlist:item=1271275406&perks=839105230,3230963543,3619207468,2551157718
dimwishlist:item=1271275406&perks=4090651448,3142289711,3619207468,2551157718
dimwishlist:item=1271275406&perks=4090651448,106909392,3619207468,2551157718
dimwishlist:item=1271275406&perks=4090651448,3230963543,3619207468,2551157718
dimwishlist:item=1271275406&perks=1840239774,3142289711,3619207468,2551157718
dimwishlist:item=1271275406&perks=1840239774,106909392,3619207468,2551157718
dimwishlist:item=1271275406&perks=1840239774,3230963543,3619207468,2551157718


// No Feelings - 无感 (pve)
//notes: tags:pve
dimwishlist:item=1271275406&perks=839105230,4134353779,2173046394,3038247973
dimwishlist:item=1271275406&perks=839105230,4134353779,2173046394,657025441
dimwishlist:item=1271275406&perks=839105230,106909392,2173046394,3038247973
dimwishlist:item=1271275406&perks=839105230,106909392,2173046394,657025441
dimwishlist:item=1271275406&perks=839105230,3230963543,2173046394,3038247973
dimwishlist:item=1271275406&perks=839105230,3230963543,2173046394,657025441
dimwishlist:item=1271275406&perks=4090651448,4134353779,2173046394,3038247973
dimwishlist:item=1271275406&perks=4090651448,4134353779,2173046394,657025441
dimwishlist:item=1271275406&perks=4090651448,106909392,2173046394,3038247973
dimwishlist:item=1271275406&perks=4090651448,106909392,2173046394,657025441
dimwishlist:item=1271275406&perks=4090651448,3230963543,2173046394,3038247973
dimwishlist:item=1271275406&perks=4090651448,3230963543,2173046394,657025441
dimwishlist:item=1271275406&perks=1840239774,4134353779,2173046394,3038247973
dimwishlist:item=1271275406&perks=1840239774,4134353779,2173046394,657025441
dimwishlist:item=1271275406&perks=1840239774,106909392,2173046394,3038247973
dimwishlist:item=1271275406&perks=1840239774,106909392,2173046394,657025441
dimwishlist:item=1271275406&perks=1840239774,3230963543,2173046394,3038247973
dimwishlist:item=1271275406&perks=1840239774,3230963543,2173046394,657025441


// Hammerhead - 锤头 (god-pve)
//notes: 手感很好的清怪虚空机枪。常爆破+击杀记录通用，刷枪时可以和纪念/惩戒措施的PERK分开。 tags:god-pve
dimwishlist:item=1346714574&perks=839105230,1087426260,1354429876,557221067
dimwishlist:item=1346714574&perks=839105230,1087426260,1354429876,1464081238
dimwishlist:item=1346714574&perks=839105230,1087426260,3523296417,557221067
dimwishlist:item=1346714574&perks=839105230,1087426260,3523296417,1464081238
dimwishlist:item=1346714574&perks=839105230,1087426260,2048641572,557221067
dimwishlist:item=1346714574&perks=839105230,1087426260,2048641572,1464081238
dimwishlist:item=1346714574&perks=839105230,1087426260,3182497402,557221067
dimwishlist:item=1346714574&perks=839105230,1087426260,3182497402,1464081238
dimwishlist:item=1346714574&perks=839105230,3230963543,1354429876,557221067
dimwishlist:item=1346714574&perks=839105230,3230963543,1354429876,1464081238
dimwishlist:item=1346714574&perks=839105230,3230963543,3523296417,557221067
dimwishlist:item=1346714574&perks=839105230,3230963543,3523296417,1464081238
dimwishlist:item=1346714574&perks=839105230,3230963543,2048641572,557221067
dimwishlist:item=1346714574&perks=839105230,3230963543,2048641572,1464081238
dimwishlist:item=1346714574&perks=839105230,3230963543,3182497402,557221067
dimwishlist:item=1346714574&perks=839105230,3230963543,3182497402,1464081238
dimwishlist:item=1346714574&perks=839105230,106909392,1354429876,557221067
dimwishlist:item=1346714574&perks=839105230,106909392,1354429876,1464081238
dimwishlist:item=1346714574&perks=839105230,106909392,3523296417,557221067
dimwishlist:item=1346714574&perks=839105230,106909392,3523296417,1464081238
dimwishlist:item=1346714574&perks=839105230,106909392,2048641572,557221067
dimwishlist:item=1346714574&perks=839105230,106909392,2048641572,1464081238
dimwishlist:item=1346714574&perks=839105230,106909392,3182497402,557221067
dimwishlist:item=1346714574&perks=839105230,106909392,3182497402,1464081238
dimwishlist:item=1346714574&perks=4090651448,1087426260,1354429876,557221067
dimwishlist:item=1346714574&perks=4090651448,1087426260,1354429876,1464081238
dimwishlist:item=1346714574&perks=4090651448,1087426260,3523296417,557221067
dimwishlist:item=1346714574&perks=4090651448,1087426260,3523296417,1464081238
dimwishlist:item=1346714574&perks=4090651448,1087426260,2048641572,557221067
dimwishlist:item=1346714574&perks=4090651448,1087426260,2048641572,1464081238
dimwishlist:item=1346714574&perks=4090651448,1087426260,3182497402,557221067
dimwishlist:item=1346714574&perks=4090651448,1087426260,3182497402,1464081238
dimwishlist:item=1346714574&perks=4090651448,3230963543,1354429876,557221067
dimwishlist:item=1346714574&perks=4090651448,3230963543,1354429876,1464081238
dimwishlist:item=1346714574&perks=4090651448,3230963543,3523296417,557221067
dimwishlist:item=1346714574&perks=4090651448,3230963543,3523296417,1464081238
dimwishlist:item=1346714574&perks=4090651448,3230963543,2048641572,557221067
dimwishlist:item=1346714574&perks=4090651448,3230963543,2048641572,1464081238
dimwishlist:item=1346714574&perks=4090651448,3230963543,3182497402,557221067
dimwishlist:item=1346714574&perks=4090651448,3230963543,3182497402,1464081238
dimwishlist:item=1346714574&perks=4090651448,106909392,1354429876,557221067
dimwishlist:item=1346714574&perks=4090651448,106909392,1354429876,1464081238
dimwishlist:item=1346714574&perks=4090651448,106909392,3523296417,557221067
dimwishlist:item=1346714574&perks=4090651448,106909392,3523296417,1464081238
dimwishlist:item=1346714574&perks=4090651448,106909392,2048641572,557221067
dimwishlist:item=1346714574&perks=4090651448,106909392,2048641572,1464081238
dimwishlist:item=1346714574&perks=4090651448,106909392,3182497402,557221067
dimwishlist:item=1346714574&perks=4090651448,106909392,3182497402,1464081238
dimwishlist:item=1346714574&perks=1840239774,1087426260,1354429876,557221067
dimwishlist:item=1346714574&perks=1840239774,1087426260,1354429876,1464081238
dimwishlist:item=1346714574&perks=1840239774,1087426260,3523296417,557221067
dimwishlist:item=1346714574&perks=1840239774,1087426260,3523296417,1464081238
dimwishlist:item=1346714574&perks=1840239774,1087426260,2048641572,557221067
dimwishlist:item=1346714574&perks=1840239774,1087426260,2048641572,1464081238
dimwishlist:item=1346714574&perks=1840239774,1087426260,3182497402,557221067
dimwishlist:item=1346714574&perks=1840239774,1087426260,3182497402,1464081238
dimwishlist:item=1346714574&perks=1840239774,3230963543,1354429876,557221067
dimwishlist:item=1346714574&perks=1840239774,3230963543,1354429876,1464081238
dimwishlist:item=1346714574&perks=1840239774,3230963543,3523296417,557221067
dimwishlist:item=1346714574&perks=1840239774,3230963543,3523296417,1464081238
dimwishlist:item=1346714574&perks=1840239774,3230963543,2048641572,557221067
dimwishlist:item=1346714574&perks=1840239774,3230963543,2048641572,1464081238
dimwishlist:item=1346714574&perks=1840239774,3230963543,3182497402,557221067
dimwishlist:item=1346714574&perks=1840239774,3230963543,3182497402,1464081238
dimwishlist:item=1346714574&perks=1840239774,106909392,1354429876,557221067
dimwishlist:item=1346714574&perks=1840239774,106909392,1354429876,1464081238
dimwishlist:item=1346714574&perks=1840239774,106909392,3523296417,557221067
dimwishlist:item=1346714574&perks=1840239774,106909392,3523296417,1464081238
dimwishlist:item=1346714574&perks=1840239774,106909392,2048641572,557221067
dimwishlist:item=1346714574&perks=1840239774,106909392,2048641572,1464081238
dimwishlist:item=1346714574&perks=1840239774,106909392,3182497402,557221067
dimwishlist:item=1346714574&perks=1840239774,106909392,3182497402,1464081238


// Threat Level - 威胁等级 (pve)
//notes: tags:pve
dimwishlist:item=1523151869&perks=1482024992,1087426260,1631667848,3640170453
dimwishlist:item=1523151869&perks=1482024992,1087426260,1631667848,2360754333
dimwishlist:item=1523151869&perks=1482024992,1087426260,1631667848,3078487919
dimwishlist:item=1523151869&perks=1482024992,1087426260,1631667848,1089671869
dimwishlist:item=1523151869&perks=1482024992,1087426260,2679249093,3640170453
dimwishlist:item=1523151869&perks=1482024992,1087426260,2679249093,2360754333
dimwishlist:item=1523151869&perks=1482024992,1087426260,2679249093,3078487919
dimwishlist:item=1523151869&perks=1482024992,1087426260,2679249093,1089671869
dimwishlist:item=1523151869&perks=1482024992,1087426260,3751912585,3640170453
dimwishlist:item=1523151869&perks=1482024992,1087426260,3751912585,2360754333
dimwishlist:item=1523151869&perks=1482024992,1087426260,3751912585,3078487919
dimwishlist:item=1523151869&perks=1482024992,1087426260,3751912585,1089671869
dimwishlist:item=1523151869&perks=1482024992,106909392,1631667848,3640170453
dimwishlist:item=1523151869&perks=1482024992,106909392,1631667848,2360754333
dimwishlist:item=1523151869&perks=1482024992,106909392,1631667848,3078487919
dimwishlist:item=1523151869&perks=1482024992,106909392,1631667848,1089671869
dimwishlist:item=1523151869&perks=1482024992,106909392,2679249093,3640170453
dimwishlist:item=1523151869&perks=1482024992,106909392,2679249093,2360754333
dimwishlist:item=1523151869&perks=1482024992,106909392,2679249093,3078487919
dimwishlist:item=1523151869&perks=1482024992,106909392,2679249093,1089671869
dimwishlist:item=1523151869&perks=1482024992,106909392,3751912585,3640170453
dimwishlist:item=1523151869&perks=1482024992,106909392,3751912585,2360754333
dimwishlist:item=1523151869&perks=1482024992,106909392,3751912585,3078487919
dimwishlist:item=1523151869&perks=1482024992,106909392,3751912585,1089671869
dimwishlist:item=1523151869&perks=1482024992,3230963543,1631667848,3640170453
dimwishlist:item=1523151869&perks=1482024992,3230963543,1631667848,2360754333
dimwishlist:item=1523151869&perks=1482024992,3230963543,1631667848,3078487919
dimwishlist:item=1523151869&perks=1482024992,3230963543,1631667848,1089671869
dimwishlist:item=1523151869&perks=1482024992,3230963543,2679249093,3640170453
dimwishlist:item=1523151869&perks=1482024992,3230963543,2679249093,2360754333
dimwishlist:item=1523151869&perks=1482024992,3230963543,2679249093,3078487919
dimwishlist:item=1523151869&perks=1482024992,3230963543,2679249093,1089671869
dimwishlist:item=1523151869&perks=1482024992,3230963543,3751912585,3640170453
dimwishlist:item=1523151869&perks=1482024992,3230963543,3751912585,2360754333
dimwishlist:item=1523151869&perks=1482024992,3230963543,3751912585,3078487919
dimwishlist:item=1523151869&perks=1482024992,3230963543,3751912585,1089671869
dimwishlist:item=1523151869&perks=1482024992,2420895100,1631667848,3640170453
dimwishlist:item=1523151869&perks=1482024992,2420895100,1631667848,2360754333
dimwishlist:item=1523151869&perks=1482024992,2420895100,1631667848,3078487919
dimwishlist:item=1523151869&perks=1482024992,2420895100,1631667848,1089671869
dimwishlist:item=1523151869&perks=1482024992,2420895100,2679249093,3640170453
dimwishlist:item=1523151869&perks=1482024992,2420895100,2679249093,2360754333
dimwishlist:item=1523151869&perks=1482024992,2420895100,2679249093,3078487919
dimwishlist:item=1523151869&perks=1482024992,2420895100,2679249093,1089671869
dimwishlist:item=1523151869&perks=1482024992,2420895100,3751912585,3640170453
dimwishlist:item=1523151869&perks=1482024992,2420895100,3751912585,2360754333
dimwishlist:item=1523151869&perks=1482024992,2420895100,3751912585,3078487919
dimwishlist:item=1523151869&perks=1482024992,2420895100,3751912585,1089671869
dimwishlist:item=1523151869&perks=1300023272,1087426260,1631667848,3640170453
dimwishlist:item=1523151869&perks=1300023272,1087426260,1631667848,2360754333
dimwishlist:item=1523151869&perks=1300023272,1087426260,1631667848,3078487919
dimwishlist:item=1523151869&perks=1300023272,1087426260,1631667848,1089671869
dimwishlist:item=1523151869&perks=1300023272,1087426260,2679249093,3640170453
dimwishlist:item=1523151869&perks=1300023272,1087426260,2679249093,2360754333
dimwishlist:item=1523151869&perks=1300023272,1087426260,2679249093,3078487919
dimwishlist:item=1523151869&perks=1300023272,1087426260,2679249093,1089671869
dimwishlist:item=1523151869&perks=1300023272,1087426260,3751912585,3640170453
dimwishlist:item=1523151869&perks=1300023272,1087426260,3751912585,2360754333
dimwishlist:item=1523151869&perks=1300023272,1087426260,3751912585,3078487919
dimwishlist:item=1523151869&perks=1300023272,1087426260,3751912585,1089671869
dimwishlist:item=1523151869&perks=1300023272,106909392,1631667848,3640170453
dimwishlist:item=1523151869&perks=1300023272,106909392,1631667848,2360754333
dimwishlist:item=1523151869&perks=1300023272,106909392,1631667848,3078487919
dimwishlist:item=1523151869&perks=1300023272,106909392,1631667848,1089671869
dimwishlist:item=1523151869&perks=1300023272,106909392,2679249093,3640170453
dimwishlist:item=1523151869&perks=1300023272,106909392,2679249093,2360754333
dimwishlist:item=1523151869&perks=1300023272,106909392,2679249093,3078487919
dimwishlist:item=1523151869&perks=1300023272,106909392,2679249093,1089671869
dimwishlist:item=1523151869&perks=1300023272,106909392,3751912585,3640170453
dimwishlist:item=1523151869&perks=1300023272,106909392,3751912585,2360754333
dimwishlist:item=1523151869&perks=1300023272,106909392,3751912585,3078487919
dimwishlist:item=1523151869&perks=1300023272,106909392,3751912585,1089671869
dimwishlist:item=1523151869&perks=1300023272,3230963543,1631667848,3640170453
dimwishlist:item=1523151869&perks=1300023272,3230963543,1631667848,2360754333
dimwishlist:item=1523151869&perks=1300023272,3230963543,1631667848,3078487919
dimwishlist:item=1523151869&perks=1300023272,3230963543,1631667848,1089671869
dimwishlist:item=1523151869&perks=1300023272,3230963543,2679249093,3640170453
dimwishlist:item=1523151869&perks=1300023272,3230963543,2679249093,2360754333
dimwishlist:item=1523151869&perks=1300023272,3230963543,2679249093,3078487919
dimwishlist:item=1523151869&perks=1300023272,3230963543,2679249093,1089671869
dimwishlist:item=1523151869&perks=1300023272,3230963543,3751912585,3640170453
dimwishlist:item=1523151869&perks=1300023272,3230963543,3751912585,2360754333
dimwishlist:item=1523151869&perks=1300023272,3230963543,3751912585,3078487919
dimwishlist:item=1523151869&perks=1300023272,3230963543,3751912585,1089671869
dimwishlist:item=1523151869&perks=1300023272,2420895100,1631667848,3640170453
dimwishlist:item=1523151869&perks=1300023272,2420895100,1631667848,2360754333
dimwishlist:item=1523151869&perks=1300023272,2420895100,1631667848,3078487919
dimwishlist:item=1523151869&perks=1300023272,2420895100,1631667848,1089671869
dimwishlist:item=1523151869&perks=1300023272,2420895100,2679249093,3640170453
dimwishlist:item=1523151869&perks=1300023272,2420895100,2679249093,2360754333
dimwishlist:item=1523151869&perks=1300023272,2420895100,2679249093,3078487919
dimwishlist:item=1523151869&perks=1300023272,2420895100,2679249093,1089671869
dimwishlist:item=1523151869&perks=1300023272,2420895100,3751912585,3640170453
dimwishlist:item=1523151869&perks=1300023272,2420895100,3751912585,2360754333
dimwishlist:item=1523151869&perks=1300023272,2420895100,3751912585,3078487919
dimwishlist:item=1523151869&perks=1300023272,2420895100,3751912585,1089671869
dimwishlist:item=1523151869&perks=4090651448,1087426260,1631667848,3640170453
dimwishlist:item=1523151869&perks=4090651448,1087426260,1631667848,2360754333
dimwishlist:item=1523151869&perks=4090651448,1087426260,1631667848,3078487919
dimwishlist:item=1523151869&perks=4090651448,1087426260,1631667848,1089671869
dimwishlist:item=1523151869&perks=4090651448,1087426260,2679249093,3640170453
dimwishlist:item=1523151869&perks=4090651448,1087426260,2679249093,2360754333
dimwishlist:item=1523151869&perks=4090651448,1087426260,2679249093,3078487919
dimwishlist:item=1523151869&perks=4090651448,1087426260,2679249093,1089671869
dimwishlist:item=1523151869&perks=4090651448,1087426260,3751912585,3640170453
dimwishlist:item=1523151869&perks=4090651448,1087426260,3751912585,2360754333
dimwishlist:item=1523151869&perks=4090651448,1087426260,3751912585,3078487919
dimwishlist:item=1523151869&perks=4090651448,1087426260,3751912585,1089671869
dimwishlist:item=1523151869&perks=4090651448,106909392,1631667848,3640170453
dimwishlist:item=1523151869&perks=4090651448,106909392,1631667848,2360754333
dimwishlist:item=1523151869&perks=4090651448,106909392,1631667848,3078487919
dimwishlist:item=1523151869&perks=4090651448,106909392,1631667848,1089671869
dimwishlist:item=1523151869&perks=4090651448,106909392,2679249093,3640170453
dimwishlist:item=1523151869&perks=4090651448,106909392,2679249093,2360754333
dimwishlist:item=1523151869&perks=4090651448,106909392,2679249093,3078487919
dimwishlist:item=1523151869&perks=4090651448,106909392,2679249093,1089671869
dimwishlist:item=1523151869&perks=4090651448,106909392,3751912585,3640170453
dimwishlist:item=1523151869&perks=4090651448,106909392,3751912585,2360754333
dimwishlist:item=1523151869&perks=4090651448,106909392,3751912585,3078487919
dimwishlist:item=1523151869&perks=4090651448,106909392,3751912585,1089671869
dimwishlist:item=1523151869&perks=4090651448,3230963543,1631667848,3640170453
dimwishlist:item=1523151869&perks=4090651448,3230963543,1631667848,2360754333
dimwishlist:item=1523151869&perks=4090651448,3230963543,1631667848,3078487919
dimwishlist:item=1523151869&perks=4090651448,3230963543,1631667848,1089671869
dimwishlist:item=1523151869&perks=4090651448,3230963543,2679249093,3640170453
dimwishlist:item=1523151869&perks=4090651448,3230963543,2679249093,2360754333
dimwishlist:item=1523151869&perks=4090651448,3230963543,2679249093,3078487919
dimwishlist:item=1523151869&perks=4090651448,3230963543,2679249093,1089671869
dimwishlist:item=1523151869&perks=4090651448,3230963543,3751912585,3640170453
dimwishlist:item=1523151869&perks=4090651448,3230963543,3751912585,2360754333
dimwishlist:item=1523151869&perks=4090651448,3230963543,3751912585,3078487919
dimwishlist:item=1523151869&perks=4090651448,3230963543,3751912585,1089671869
dimwishlist:item=1523151869&perks=4090651448,2420895100,1631667848,3640170453
dimwishlist:item=1523151869&perks=4090651448,2420895100,1631667848,2360754333
dimwishlist:item=1523151869&perks=4090651448,2420895100,1631667848,3078487919
dimwishlist:item=1523151869&perks=4090651448,2420895100,1631667848,1089671869
dimwishlist:item=1523151869&perks=4090651448,2420895100,2679249093,3640170453
dimwishlist:item=1523151869&perks=4090651448,2420895100,2679249093,2360754333
dimwishlist:item=1523151869&perks=4090651448,2420895100,2679249093,3078487919
dimwishlist:item=1523151869&perks=4090651448,2420895100,2679249093,1089671869
dimwishlist:item=1523151869&perks=4090651448,2420895100,3751912585,3640170453
dimwishlist:item=1523151869&perks=4090651448,2420895100,3751912585,2360754333
dimwishlist:item=1523151869&perks=4090651448,2420895100,3751912585,3078487919
dimwishlist:item=1523151869&perks=4090651448,2420895100,3751912585,1089671869
dimwishlist:item=1523151869&perks=1047830412,1087426260,1631667848,3640170453
dimwishlist:item=1523151869&perks=1047830412,1087426260,1631667848,2360754333
dimwishlist:item=1523151869&perks=1047830412,1087426260,1631667848,3078487919
dimwishlist:item=1523151869&perks=1047830412,1087426260,1631667848,1089671869
dimwishlist:item=1523151869&perks=1047830412,1087426260,2679249093,3640170453
dimwishlist:item=1523151869&perks=1047830412,1087426260,2679249093,2360754333
dimwishlist:item=1523151869&perks=1047830412,1087426260,2679249093,3078487919
dimwishlist:item=1523151869&perks=1047830412,1087426260,2679249093,1089671869
dimwishlist:item=1523151869&perks=1047830412,1087426260,3751912585,3640170453
dimwishlist:item=1523151869&perks=1047830412,1087426260,3751912585,2360754333
dimwishlist:item=1523151869&perks=1047830412,1087426260,3751912585,3078487919
dimwishlist:item=1523151869&perks=1047830412,1087426260,3751912585,1089671869
dimwishlist:item=1523151869&perks=1047830412,106909392,1631667848,3640170453
dimwishlist:item=1523151869&perks=1047830412,106909392,1631667848,2360754333
dimwishlist:item=1523151869&perks=1047830412,106909392,1631667848,3078487919
dimwishlist:item=1523151869&perks=1047830412,106909392,1631667848,1089671869
dimwishlist:item=1523151869&perks=1047830412,106909392,2679249093,3640170453
dimwishlist:item=1523151869&perks=1047830412,106909392,2679249093,2360754333
dimwishlist:item=1523151869&perks=1047830412,106909392,2679249093,3078487919
dimwishlist:item=1523151869&perks=1047830412,106909392,2679249093,1089671869
dimwishlist:item=1523151869&perks=1047830412,106909392,3751912585,3640170453
dimwishlist:item=1523151869&perks=1047830412,106909392,3751912585,2360754333
dimwishlist:item=1523151869&perks=1047830412,106909392,3751912585,3078487919
dimwishlist:item=1523151869&perks=1047830412,106909392,3751912585,1089671869
dimwishlist:item=1523151869&perks=1047830412,3230963543,1631667848,3640170453
dimwishlist:item=1523151869&perks=1047830412,3230963543,1631667848,2360754333
dimwishlist:item=1523151869&perks=1047830412,3230963543,1631667848,3078487919
dimwishlist:item=1523151869&perks=1047830412,3230963543,1631667848,1089671869
dimwishlist:item=1523151869&perks=1047830412,3230963543,2679249093,3640170453
dimwishlist:item=1523151869&perks=1047830412,3230963543,2679249093,2360754333
dimwishlist:item=1523151869&perks=1047830412,3230963543,2679249093,3078487919
dimwishlist:item=1523151869&perks=1047830412,3230963543,2679249093,1089671869
dimwishlist:item=1523151869&perks=1047830412,3230963543,3751912585,3640170453
dimwishlist:item=1523151869&perks=1047830412,3230963543,3751912585,2360754333
dimwishlist:item=1523151869&perks=1047830412,3230963543,3751912585,3078487919
dimwishlist:item=1523151869&perks=1047830412,3230963543,3751912585,1089671869
dimwishlist:item=1523151869&perks=1047830412,2420895100,1631667848,3640170453
dimwishlist:item=1523151869&perks=1047830412,2420895100,1631667848,2360754333
dimwishlist:item=1523151869&perks=1047830412,2420895100,1631667848,3078487919
dimwishlist:item=1523151869&perks=1047830412,2420895100,1631667848,1089671869
dimwishlist:item=1523151869&perks=1047830412,2420895100,2679249093,3640170453
dimwishlist:item=1523151869&perks=1047830412,2420895100,2679249093,2360754333
dimwishlist:item=1523151869&perks=1047830412,2420895100,2679249093,3078487919
dimwishlist:item=1523151869&perks=1047830412,2420895100,2679249093,1089671869
dimwishlist:item=1523151869&perks=1047830412,2420895100,3751912585,3640170453
dimwishlist:item=1523151869&perks=1047830412,2420895100,3751912585,2360754333
dimwishlist:item=1523151869&perks=1047830412,2420895100,3751912585,3078487919
dimwishlist:item=1523151869&perks=1047830412,2420895100,3751912585,1089671869


// The Spiteful Fang - 恶意尖牙 (pve)
//notes: tags:pve
dimwishlist:item=1704597062&perks=124408337,2922950962
dimwishlist:item=1704597062&perks=124408337,3365897133
dimwishlist:item=1704597062&perks=1955165503,2922950962
dimwishlist:item=1704597062&perks=1955165503,3365897133


// Bellowing Giant - 轰鸣巨人 (pve)
//notes: 双增伤，注意持久印象的延时爆炸相对不好叠收割者贡品 tags:pve
dimwishlist:item=1889005379&perks=1478423395,2822142346,3927722942,3764420437
dimwishlist:item=1889005379&perks=1478423395,2822142346,3927722942,113508675
dimwishlist:item=1889005379&perks=1478423395,3796465595,3927722942,3764420437
dimwishlist:item=1889005379&perks=1478423395,3796465595,3927722942,113508675
dimwishlist:item=1889005379&perks=1478423395,2985827016,3927722942,3764420437
dimwishlist:item=1889005379&perks=1478423395,2985827016,3927722942,113508675
dimwishlist:item=1889005379&perks=1441682018,2822142346,3927722942,3764420437
dimwishlist:item=1889005379&perks=1441682018,2822142346,3927722942,113508675
dimwishlist:item=1889005379&perks=1441682018,3796465595,3927722942,3764420437
dimwishlist:item=1889005379&perks=1441682018,3796465595,3927722942,113508675
dimwishlist:item=1889005379&perks=1441682018,2985827016,3927722942,3764420437
dimwishlist:item=1889005379&perks=1441682018,2985827016,3927722942,113508675
dimwishlist:item=1889005379&perks=3525010810,2822142346,3927722942,3764420437
dimwishlist:item=1889005379&perks=3525010810,2822142346,3927722942,113508675
dimwishlist:item=1889005379&perks=3525010810,3796465595,3927722942,3764420437
dimwishlist:item=1889005379&perks=3525010810,3796465595,3927722942,113508675
dimwishlist:item=1889005379&perks=3525010810,2985827016,3927722942,3764420437
dimwishlist:item=1889005379&perks=3525010810,2985827016,3927722942,113508675
dimwishlist:item=1889005379&perks=3798852852,2822142346,3927722942,3764420437
dimwishlist:item=1889005379&perks=3798852852,2822142346,3927722942,113508675
dimwishlist:item=1889005379&perks=3798852852,3796465595,3927722942,3764420437
dimwishlist:item=1889005379&perks=3798852852,3796465595,3927722942,113508675
dimwishlist:item=1889005379&perks=3798852852,2985827016,3927722942,3764420437
dimwishlist:item=1889005379&perks=3798852852,2985827016,3927722942,113508675


// Stryker's Sure-Hand (pve)
//notes: tags:pve
dimwishlist:item=2158575991&perks=1749209109,3708227201
dimwishlist:item=2158575991&perks=1749209109,3201496230
dimwishlist:item=2158575991&perks=1749209109,2048641572
dimwishlist:item=2158575991&perks=2590710093,3708227201
dimwishlist:item=2158575991&perks=2590710093,3201496230
dimwishlist:item=2158575991&perks=2590710093,2048641572
dimwishlist:item=2158575991&perks=776531651,3708227201
dimwishlist:item=2158575991&perks=776531651,3201496230
dimwishlist:item=2158575991&perks=776531651,2048641572


// Tempered Dynamo - 回火发电机 (pve)
//notes: tags:pve
dimwishlist:item=2274706510&perks=839105230,689005463,3418782618,3966416502
dimwishlist:item=2274706510&perks=839105230,689005463,3418782618,654512643
dimwishlist:item=2274706510&perks=839105230,689005463,3418782618,3708227201
dimwishlist:item=2274706510&perks=839105230,689005463,1511100135,3966416502
dimwishlist:item=2274706510&perks=839105230,689005463,1511100135,654512643
dimwishlist:item=2274706510&perks=839105230,689005463,1511100135,3708227201
dimwishlist:item=2274706510&perks=839105230,689005463,3643424744,3966416502
dimwishlist:item=2274706510&perks=839105230,689005463,3643424744,654512643
dimwishlist:item=2274706510&perks=839105230,689005463,3643424744,3708227201
dimwishlist:item=2274706510&perks=839105230,2680121939,3418782618,3966416502
dimwishlist:item=2274706510&perks=839105230,2680121939,3418782618,654512643
dimwishlist:item=2274706510&perks=839105230,2680121939,3418782618,3708227201
dimwishlist:item=2274706510&perks=839105230,2680121939,1511100135,3966416502
dimwishlist:item=2274706510&perks=839105230,2680121939,1511100135,654512643
dimwishlist:item=2274706510&perks=839105230,2680121939,1511100135,3708227201
dimwishlist:item=2274706510&perks=839105230,2680121939,3643424744,3966416502
dimwishlist:item=2274706510&perks=839105230,2680121939,3643424744,654512643
dimwishlist:item=2274706510&perks=839105230,2680121939,3643424744,3708227201
dimwishlist:item=2274706510&perks=4090651448,689005463,3418782618,3966416502
dimwishlist:item=2274706510&perks=4090651448,689005463,3418782618,654512643
dimwishlist:item=2274706510&perks=4090651448,689005463,3418782618,3708227201
dimwishlist:item=2274706510&perks=4090651448,689005463,1511100135,3966416502
dimwishlist:item=2274706510&perks=4090651448,689005463,1511100135,654512643
dimwishlist:item=2274706510&perks=4090651448,689005463,1511100135,3708227201
dimwishlist:item=2274706510&perks=4090651448,689005463,3643424744,3966416502
dimwishlist:item=2274706510&perks=4090651448,689005463,3643424744,654512643
dimwishlist:item=2274706510&perks=4090651448,689005463,3643424744,3708227201
dimwishlist:item=2274706510&perks=4090651448,2680121939,3418782618,3966416502
dimwishlist:item=2274706510&perks=4090651448,2680121939,3418782618,654512643
dimwishlist:item=2274706510&perks=4090651448,2680121939,3418782618,3708227201
dimwishlist:item=2274706510&perks=4090651448,2680121939,1511100135,3966416502
dimwishlist:item=2274706510&perks=4090651448,2680121939,1511100135,654512643
dimwishlist:item=2274706510&perks=4090651448,2680121939,1511100135,3708227201
dimwishlist:item=2274706510&perks=4090651448,2680121939,3643424744,3966416502
dimwishlist:item=2274706510&perks=4090651448,2680121939,3643424744,654512643
dimwishlist:item=2274706510&perks=4090651448,2680121939,3643424744,3708227201
dimwishlist:item=2274706510&perks=1840239774,689005463,3418782618,3966416502
dimwishlist:item=2274706510&perks=1840239774,689005463,3418782618,654512643
dimwishlist:item=2274706510&perks=1840239774,689005463,3418782618,3708227201
dimwishlist:item=2274706510&perks=1840239774,689005463,1511100135,3966416502
dimwishlist:item=2274706510&perks=1840239774,689005463,1511100135,654512643
dimwishlist:item=2274706510&perks=1840239774,689005463,1511100135,3708227201
dimwishlist:item=2274706510&perks=1840239774,689005463,3643424744,3966416502
dimwishlist:item=2274706510&perks=1840239774,689005463,3643424744,654512643
dimwishlist:item=2274706510&perks=1840239774,689005463,3643424744,3708227201
dimwishlist:item=2274706510&perks=1840239774,2680121939,3418782618,3966416502
dimwishlist:item=2274706510&perks=1840239774,2680121939,3418782618,654512643
dimwishlist:item=2274706510&perks=1840239774,2680121939,3418782618,3708227201
dimwishlist:item=2274706510&perks=1840239774,2680121939,1511100135,3966416502
dimwishlist:item=2274706510&perks=1840239774,2680121939,1511100135,654512643
dimwishlist:item=2274706510&perks=1840239774,2680121939,1511100135,3708227201
dimwishlist:item=2274706510&perks=1840239774,2680121939,3643424744,3966416502
dimwishlist:item=2274706510&perks=1840239774,2680121939,3643424744,654512643
dimwishlist:item=2274706510&perks=1840239774,2680121939,3643424744,3708227201


// Stryker's Sure-Hand - 史塞克的老练 (pve)
//notes: tags:pve
dimwishlist:item=2490460292&perks=1749209109,3708227201
dimwishlist:item=2490460292&perks=1749209109,3201496230
dimwishlist:item=2490460292&perks=1749209109,2048641572
dimwishlist:item=2490460292&perks=2590710093,3708227201
dimwishlist:item=2490460292&perks=2590710093,3201496230
dimwishlist:item=2490460292&perks=2590710093,2048641572
dimwishlist:item=2490460292&perks=776531651,3708227201
dimwishlist:item=2490460292&perks=776531651,3201496230
dimwishlist:item=2490460292&perks=776531651,2048641572


// Tatara Gaze - 多多罗的凝视 (pve)
//notes: 转向大于元素磨砺。 tags:pve
dimwishlist:item=2531614757&perks=839105230,1087426260,3418782618,3201496230
dimwishlist:item=2531614757&perks=839105230,1087426260,3418782618,1089671869
dimwishlist:item=2531614757&perks=839105230,1087426260,3643424744,3201496230
dimwishlist:item=2531614757&perks=839105230,1087426260,3643424744,1089671869
dimwishlist:item=2531614757&perks=839105230,106909392,3418782618,3201496230
dimwishlist:item=2531614757&perks=839105230,106909392,3418782618,1089671869
dimwishlist:item=2531614757&perks=839105230,106909392,3643424744,3201496230
dimwishlist:item=2531614757&perks=839105230,106909392,3643424744,1089671869
dimwishlist:item=2531614757&perks=839105230,3230963543,3418782618,3201496230
dimwishlist:item=2531614757&perks=839105230,3230963543,3418782618,1089671869
dimwishlist:item=2531614757&perks=839105230,3230963543,3643424744,3201496230
dimwishlist:item=2531614757&perks=839105230,3230963543,3643424744,1089671869
dimwishlist:item=2531614757&perks=4090651448,1087426260,3418782618,3201496230
dimwishlist:item=2531614757&perks=4090651448,1087426260,3418782618,1089671869
dimwishlist:item=2531614757&perks=4090651448,1087426260,3643424744,3201496230
dimwishlist:item=2531614757&perks=4090651448,1087426260,3643424744,1089671869
dimwishlist:item=2531614757&perks=4090651448,106909392,3418782618,3201496230
dimwishlist:item=2531614757&perks=4090651448,106909392,3418782618,1089671869
dimwishlist:item=2531614757&perks=4090651448,106909392,3643424744,3201496230
dimwishlist:item=2531614757&perks=4090651448,106909392,3643424744,1089671869
dimwishlist:item=2531614757&perks=4090651448,3230963543,3418782618,3201496230
dimwishlist:item=2531614757&perks=4090651448,3230963543,3418782618,1089671869
dimwishlist:item=2531614757&perks=4090651448,3230963543,3643424744,3201496230
dimwishlist:item=2531614757&perks=4090651448,3230963543,3643424744,1089671869
dimwishlist:item=2531614757&perks=1840239774,1087426260,3418782618,3201496230
dimwishlist:item=2531614757&perks=1840239774,1087426260,3418782618,1089671869
dimwishlist:item=2531614757&perks=1840239774,1087426260,3643424744,3201496230
dimwishlist:item=2531614757&perks=1840239774,1087426260,3643424744,1089671869
dimwishlist:item=2531614757&perks=1840239774,106909392,3418782618,3201496230
dimwishlist:item=2531614757&perks=1840239774,106909392,3418782618,1089671869
dimwishlist:item=2531614757&perks=1840239774,106909392,3643424744,3201496230
dimwishlist:item=2531614757&perks=1840239774,106909392,3643424744,1089671869
dimwishlist:item=2531614757&perks=1840239774,3230963543,3418782618,3201496230
dimwishlist:item=2531614757&perks=1840239774,3230963543,3418782618,1089671869
dimwishlist:item=2531614757&perks=1840239774,3230963543,3643424744,3201496230
dimwishlist:item=2531614757&perks=1840239774,3230963543,3643424744,1089671869


// Tempered Dynamo - 回火发电机 (pve)
//notes: tags:pve
dimwishlist:item=2925315757&perks=839105230,689005463,3418782618,3966416502
dimwishlist:item=2925315757&perks=839105230,689005463,3418782618,654512643
dimwishlist:item=2925315757&perks=839105230,689005463,3418782618,3708227201
dimwishlist:item=2925315757&perks=839105230,689005463,1511100135,3966416502
dimwishlist:item=2925315757&perks=839105230,689005463,1511100135,654512643
dimwishlist:item=2925315757&perks=839105230,689005463,1511100135,3708227201
dimwishlist:item=2925315757&perks=839105230,689005463,3643424744,3966416502
dimwishlist:item=2925315757&perks=839105230,689005463,3643424744,654512643
dimwishlist:item=2925315757&perks=839105230,689005463,3643424744,3708227201
dimwishlist:item=2925315757&perks=839105230,2680121939,3418782618,3966416502
dimwishlist:item=2925315757&perks=839105230,2680121939,3418782618,654512643
dimwishlist:item=2925315757&perks=839105230,2680121939,3418782618,3708227201
dimwishlist:item=2925315757&perks=839105230,2680121939,1511100135,3966416502
dimwishlist:item=2925315757&perks=839105230,2680121939,1511100135,654512643
dimwishlist:item=2925315757&perks=839105230,2680121939,1511100135,3708227201
dimwishlist:item=2925315757&perks=839105230,2680121939,3643424744,3966416502
dimwishlist:item=2925315757&perks=839105230,2680121939,3643424744,654512643
dimwishlist:item=2925315757&perks=839105230,2680121939,3643424744,3708227201
dimwishlist:item=2925315757&perks=4090651448,689005463,3418782618,3966416502
dimwishlist:item=2925315757&perks=4090651448,689005463,3418782618,654512643
dimwishlist:item=2925315757&perks=4090651448,689005463,3418782618,3708227201
dimwishlist:item=2925315757&perks=4090651448,689005463,1511100135,3966416502
dimwishlist:item=2925315757&perks=4090651448,689005463,1511100135,654512643
dimwishlist:item=2925315757&perks=4090651448,689005463,1511100135,3708227201
dimwishlist:item=2925315757&perks=4090651448,689005463,3643424744,3966416502
dimwishlist:item=2925315757&perks=4090651448,689005463,3643424744,654512643
dimwishlist:item=2925315757&perks=4090651448,689005463,3643424744,3708227201
dimwishlist:item=2925315757&perks=4090651448,2680121939,3418782618,3966416502
dimwishlist:item=2925315757&perks=4090651448,2680121939,3418782618,654512643
dimwishlist:item=2925315757&perks=4090651448,2680121939,3418782618,3708227201
dimwishlist:item=2925315757&perks=4090651448,2680121939,1511100135,3966416502
dimwishlist:item=2925315757&perks=4090651448,2680121939,1511100135,654512643
dimwishlist:item=2925315757&perks=4090651448,2680121939,1511100135,3708227201
dimwishlist:item=2925315757&perks=4090651448,2680121939,3643424744,3966416502
dimwishlist:item=2925315757&perks=4090651448,2680121939,3643424744,654512643
dimwishlist:item=2925315757&perks=4090651448,2680121939,3643424744,3708227201
dimwishlist:item=2925315757&perks=1840239774,689005463,3418782618,3966416502
dimwishlist:item=2925315757&perks=1840239774,689005463,3418782618,654512643
dimwishlist:item=2925315757&perks=1840239774,689005463,3418782618,3708227201
dimwishlist:item=2925315757&perks=1840239774,689005463,1511100135,3966416502
dimwishlist:item=2925315757&perks=1840239774,689005463,1511100135,654512643
dimwishlist:item=2925315757&perks=1840239774,689005463,1511100135,3708227201
dimwishlist:item=2925315757&perks=1840239774,689005463,3643424744,3966416502
dimwishlist:item=2925315757&perks=1840239774,689005463,3643424744,654512643
dimwishlist:item=2925315757&perks=1840239774,689005463,3643424744,3708227201
dimwishlist:item=2925315757&perks=1840239774,2680121939,3418782618,3966416502
dimwishlist:item=2925315757&perks=1840239774,2680121939,3418782618,654512643
dimwishlist:item=2925315757&perks=1840239774,2680121939,3418782618,3708227201
dimwishlist:item=2925315757&perks=1840239774,2680121939,1511100135,3966416502
dimwishlist:item=2925315757&perks=1840239774,2680121939,1511100135,654512643
dimwishlist:item=2925315757&perks=1840239774,2680121939,1511100135,3708227201
dimwishlist:item=2925315757&perks=1840239774,2680121939,3643424744,3966416502
dimwishlist:item=2925315757&perks=1840239774,2680121939,3643424744,654512643
dimwishlist:item=2925315757&perks=1840239774,2680121939,3643424744,3708227201


// No Feelings - 无感 (pvp)
//notes: tags:pvp
dimwishlist:item=2979764077&perks=839105230,3142289711,3619207468,2551157718
dimwishlist:item=2979764077&perks=839105230,4134353779,3619207468,2551157718
dimwishlist:item=2979764077&perks=839105230,106909392,3619207468,2551157718
dimwishlist:item=2979764077&perks=839105230,3230963543,3619207468,2551157718
dimwishlist:item=2979764077&perks=4090651448,3142289711,3619207468,2551157718
dimwishlist:item=2979764077&perks=4090651448,4134353779,3619207468,2551157718
dimwishlist:item=2979764077&perks=4090651448,106909392,3619207468,2551157718
dimwishlist:item=2979764077&perks=4090651448,3230963543,3619207468,2551157718
dimwishlist:item=2979764077&perks=1840239774,3142289711,3619207468,2551157718
dimwishlist:item=2979764077&perks=1840239774,4134353779,3619207468,2551157718
dimwishlist:item=2979764077&perks=1840239774,106909392,3619207468,2551157718
dimwishlist:item=2979764077&perks=1840239774,3230963543,3619207468,2551157718


// No Feelings - 无感 (pve)
//notes: tags:pve
dimwishlist:item=2979764077&perks=839105230,4134353779,2173046394,3038247973
dimwishlist:item=2979764077&perks=839105230,4134353779,2173046394,657025441
dimwishlist:item=2979764077&perks=839105230,106909392,2173046394,3038247973
dimwishlist:item=2979764077&perks=839105230,106909392,2173046394,657025441
dimwishlist:item=2979764077&perks=839105230,3230963543,2173046394,3038247973
dimwishlist:item=2979764077&perks=839105230,3230963543,2173046394,657025441
dimwishlist:item=2979764077&perks=4090651448,4134353779,2173046394,3038247973
dimwishlist:item=2979764077&perks=4090651448,4134353779,2173046394,657025441
dimwishlist:item=2979764077&perks=4090651448,106909392,2173046394,3038247973
dimwishlist:item=2979764077&perks=4090651448,106909392,2173046394,657025441
dimwishlist:item=2979764077&perks=4090651448,3230963543,2173046394,3038247973
dimwishlist:item=2979764077&perks=4090651448,3230963543,2173046394,657025441
dimwishlist:item=2979764077&perks=1840239774,4134353779,2173046394,3038247973
dimwishlist:item=2979764077&perks=1840239774,4134353779,2173046394,657025441
dimwishlist:item=2979764077&perks=1840239774,106909392,2173046394,3038247973
dimwishlist:item=2979764077&perks=1840239774,106909392,2173046394,657025441
dimwishlist:item=2979764077&perks=1840239774,3230963543,2173046394,3038247973
dimwishlist:item=2979764077&perks=1840239774,3230963543,2173046394,657025441


// The Ringing Nail - 嗡鸣铁锭 (god-pve)
//notes: tags:god-pve
dimwishlist:item=3326135421&perks=839105230,1087426260,3017780555,2890807135
dimwishlist:item=3326135421&perks=839105230,1087426260,3017780555,3824105627
dimwishlist:item=3326135421&perks=839105230,1087426260,4293542123,2890807135
dimwishlist:item=3326135421&perks=839105230,1087426260,4293542123,3824105627
dimwishlist:item=3326135421&perks=839105230,1087426260,2848615171,2890807135
dimwishlist:item=3326135421&perks=839105230,1087426260,2848615171,3824105627
dimwishlist:item=3326135421&perks=839105230,3230963543,3017780555,2890807135
dimwishlist:item=3326135421&perks=839105230,3230963543,3017780555,3824105627
dimwishlist:item=3326135421&perks=839105230,3230963543,4293542123,2890807135
dimwishlist:item=3326135421&perks=839105230,3230963543,4293542123,3824105627
dimwishlist:item=3326135421&perks=839105230,3230963543,2848615171,2890807135
dimwishlist:item=3326135421&perks=839105230,3230963543,2848615171,3824105627
dimwishlist:item=3326135421&perks=839105230,106909392,3017780555,2890807135
dimwishlist:item=3326135421&perks=839105230,106909392,3017780555,3824105627
dimwishlist:item=3326135421&perks=839105230,106909392,4293542123,2890807135
dimwishlist:item=3326135421&perks=839105230,106909392,4293542123,3824105627
dimwishlist:item=3326135421&perks=839105230,106909392,2848615171,2890807135
dimwishlist:item=3326135421&perks=839105230,106909392,2848615171,3824105627
dimwishlist:item=3326135421&perks=4090651448,1087426260,3017780555,2890807135
dimwishlist:item=3326135421&perks=4090651448,1087426260,3017780555,3824105627
dimwishlist:item=3326135421&perks=4090651448,1087426260,4293542123,2890807135
dimwishlist:item=3326135421&perks=4090651448,1087426260,4293542123,3824105627
dimwishlist:item=3326135421&perks=4090651448,1087426260,2848615171,2890807135
dimwishlist:item=3326135421&perks=4090651448,1087426260,2848615171,3824105627
dimwishlist:item=3326135421&perks=4090651448,3230963543,3017780555,2890807135
dimwishlist:item=3326135421&perks=4090651448,3230963543,3017780555,3824105627
dimwishlist:item=3326135421&perks=4090651448,3230963543,4293542123,2890807135
dimwishlist:item=3326135421&perks=4090651448,3230963543,4293542123,3824105627
dimwishlist:item=3326135421&perks=4090651448,3230963543,2848615171,2890807135
dimwishlist:item=3326135421&perks=4090651448,3230963543,2848615171,3824105627
dimwishlist:item=3326135421&perks=4090651448,106909392,3017780555,2890807135
dimwishlist:item=3326135421&perks=4090651448,106909392,3017780555,3824105627
dimwishlist:item=3326135421&perks=4090651448,106909392,4293542123,2890807135
dimwishlist:item=3326135421&perks=4090651448,106909392,4293542123,3824105627
dimwishlist:item=3326135421&perks=4090651448,106909392,2848615171,2890807135
dimwishlist:item=3326135421&perks=4090651448,106909392,2848615171,3824105627
dimwishlist:item=3326135421&perks=1840239774,1087426260,3017780555,2890807135
dimwishlist:item=3326135421&perks=1840239774,1087426260,3017780555,3824105627
dimwishlist:item=3326135421&perks=1840239774,1087426260,4293542123,2890807135
dimwishlist:item=3326135421&perks=1840239774,1087426260,4293542123,3824105627
dimwishlist:item=3326135421&perks=1840239774,1087426260,2848615171,2890807135
dimwishlist:item=3326135421&perks=1840239774,1087426260,2848615171,3824105627
dimwishlist:item=3326135421&perks=1840239774,3230963543,3017780555,2890807135
dimwishlist:item=3326135421&perks=1840239774,3230963543,3017780555,3824105627
dimwishlist:item=3326135421&perks=1840239774,3230963543,4293542123,2890807135
dimwishlist:item=3326135421&perks=1840239774,3230963543,4293542123,3824105627
dimwishlist:item=3326135421&perks=1840239774,3230963543,2848615171,2890807135
dimwishlist:item=3326135421&perks=1840239774,3230963543,2848615171,3824105627
dimwishlist:item=3326135421&perks=1840239774,106909392,3017780555,2890807135
dimwishlist:item=3326135421&perks=1840239774,106909392,3017780555,3824105627
dimwishlist:item=3326135421&perks=1840239774,106909392,4293542123,2890807135
dimwishlist:item=3326135421&perks=1840239774,106909392,4293542123,3824105627
dimwishlist:item=3326135421&perks=1840239774,106909392,2848615171,2890807135
dimwishlist:item=3326135421&perks=1840239774,106909392,2848615171,3824105627


// Tatara Gaze - 多多罗的凝视 (pve)
//notes: 转向大于元素磨砺 tags:pve
dimwishlist:item=3595694326&perks=839105230,1087426260,3418782618,3201496230
dimwishlist:item=3595694326&perks=839105230,1087426260,3418782618,1089671869
dimwishlist:item=3595694326&perks=839105230,1087426260,3643424744,3201496230
dimwishlist:item=3595694326&perks=839105230,1087426260,3643424744,1089671869
dimwishlist:item=3595694326&perks=839105230,106909392,3418782618,3201496230
dimwishlist:item=3595694326&perks=839105230,106909392,3418782618,1089671869
dimwishlist:item=3595694326&perks=839105230,106909392,3643424744,3201496230
dimwishlist:item=3595694326&perks=839105230,106909392,3643424744,1089671869
dimwishlist:item=3595694326&perks=839105230,3230963543,3418782618,3201496230
dimwishlist:item=3595694326&perks=839105230,3230963543,3418782618,1089671869
dimwishlist:item=3595694326&perks=839105230,3230963543,3643424744,3201496230
dimwishlist:item=3595694326&perks=839105230,3230963543,3643424744,1089671869
dimwishlist:item=3595694326&perks=4090651448,1087426260,3418782618,3201496230
dimwishlist:item=3595694326&perks=4090651448,1087426260,3418782618,1089671869
dimwishlist:item=3595694326&perks=4090651448,1087426260,3643424744,3201496230
dimwishlist:item=3595694326&perks=4090651448,1087426260,3643424744,1089671869
dimwishlist:item=3595694326&perks=4090651448,106909392,3418782618,3201496230
dimwishlist:item=3595694326&perks=4090651448,106909392,3418782618,1089671869
dimwishlist:item=3595694326&perks=4090651448,106909392,3643424744,3201496230
dimwishlist:item=3595694326&perks=4090651448,106909392,3643424744,1089671869
dimwishlist:item=3595694326&perks=4090651448,3230963543,3418782618,3201496230
dimwishlist:item=3595694326&perks=4090651448,3230963543,3418782618,1089671869
dimwishlist:item=3595694326&perks=4090651448,3230963543,3643424744,3201496230
dimwishlist:item=3595694326&perks=4090651448,3230963543,3643424744,1089671869
dimwishlist:item=3595694326&perks=1840239774,1087426260,3418782618,3201496230
dimwishlist:item=3595694326&perks=1840239774,1087426260,3418782618,1089671869
dimwishlist:item=3595694326&perks=1840239774,1087426260,3643424744,3201496230
dimwishlist:item=3595694326&perks=1840239774,1087426260,3643424744,1089671869
dimwishlist:item=3595694326&perks=1840239774,106909392,3418782618,3201496230
dimwishlist:item=3595694326&perks=1840239774,106909392,3418782618,1089671869
dimwishlist:item=3595694326&perks=1840239774,106909392,3643424744,3201496230
dimwishlist:item=3595694326&perks=1840239774,106909392,3643424744,1089671869
dimwishlist:item=3595694326&perks=1840239774,3230963543,3418782618,3201496230
dimwishlist:item=3595694326&perks=1840239774,3230963543,3418782618,1089671869
dimwishlist:item=3595694326&perks=1840239774,3230963543,3643424744,3201496230
dimwishlist:item=3595694326&perks=1840239774,3230963543,3643424744,1089671869


// Kindled Orchid - 绽放兰花 (pve)
//notes: 高爆和失衡在同一位置，略逊于上古福音（包括起源特性）。 tags:pve
dimwishlist:item=3961462214&perks=839105230,1087426260,776531651,3038247973
dimwishlist:item=3961462214&perks=839105230,1087426260,776531651,2048641572
dimwishlist:item=3961462214&perks=839105230,1087426260,776531651,1464081238
dimwishlist:item=3961462214&perks=839105230,1087426260,2360347339,3038247973
dimwishlist:item=3961462214&perks=839105230,1087426260,2360347339,2048641572
dimwishlist:item=3961462214&perks=839105230,1087426260,2360347339,1464081238
dimwishlist:item=3961462214&perks=839105230,1087426260,3700496672,3038247973
dimwishlist:item=3961462214&perks=839105230,1087426260,3700496672,2048641572
dimwishlist:item=3961462214&perks=839105230,1087426260,3700496672,1464081238
dimwishlist:item=3961462214&perks=839105230,106909392,776531651,3038247973
dimwishlist:item=3961462214&perks=839105230,106909392,776531651,2048641572
dimwishlist:item=3961462214&perks=839105230,106909392,776531651,1464081238
dimwishlist:item=3961462214&perks=839105230,106909392,2360347339,3038247973
dimwishlist:item=3961462214&perks=839105230,106909392,2360347339,2048641572
dimwishlist:item=3961462214&perks=839105230,106909392,2360347339,1464081238
dimwishlist:item=3961462214&perks=839105230,106909392,3700496672,3038247973
dimwishlist:item=3961462214&perks=839105230,106909392,3700496672,2048641572
dimwishlist:item=3961462214&perks=839105230,106909392,3700496672,1464081238
dimwishlist:item=3961462214&perks=839105230,3230963543,776531651,3038247973
dimwishlist:item=3961462214&perks=839105230,3230963543,776531651,2048641572
dimwishlist:item=3961462214&perks=839105230,3230963543,776531651,1464081238
dimwishlist:item=3961462214&perks=839105230,3230963543,2360347339,3038247973
dimwishlist:item=3961462214&perks=839105230,3230963543,2360347339,2048641572
dimwishlist:item=3961462214&perks=839105230,3230963543,2360347339,1464081238
dimwishlist:item=3961462214&perks=839105230,3230963543,3700496672,3038247973
dimwishlist:item=3961462214&perks=839105230,3230963543,3700496672,2048641572
dimwishlist:item=3961462214&perks=839105230,3230963543,3700496672,1464081238
dimwishlist:item=3961462214&perks=4090651448,1087426260,776531651,3038247973
dimwishlist:item=3961462214&perks=4090651448,1087426260,776531651,2048641572
dimwishlist:item=3961462214&perks=4090651448,1087426260,776531651,1464081238
dimwishlist:item=3961462214&perks=4090651448,1087426260,2360347339,3038247973
dimwishlist:item=3961462214&perks=4090651448,1087426260,2360347339,2048641572
dimwishlist:item=3961462214&perks=4090651448,1087426260,2360347339,1464081238
dimwishlist:item=3961462214&perks=4090651448,1087426260,3700496672,3038247973
dimwishlist:item=3961462214&perks=4090651448,1087426260,3700496672,2048641572
dimwishlist:item=3961462214&perks=4090651448,1087426260,3700496672,1464081238
dimwishlist:item=3961462214&perks=4090651448,106909392,776531651,3038247973
dimwishlist:item=3961462214&perks=4090651448,106909392,776531651,2048641572
dimwishlist:item=3961462214&perks=4090651448,106909392,776531651,1464081238
dimwishlist:item=3961462214&perks=4090651448,106909392,2360347339,3038247973
dimwishlist:item=3961462214&perks=4090651448,106909392,2360347339,2048641572
dimwishlist:item=3961462214&perks=4090651448,106909392,2360347339,1464081238
dimwishlist:item=3961462214&perks=4090651448,106909392,3700496672,3038247973
dimwishlist:item=3961462214&perks=4090651448,106909392,3700496672,2048641572
dimwishlist:item=3961462214&perks=4090651448,106909392,3700496672,1464081238
dimwishlist:item=3961462214&perks=4090651448,3230963543,776531651,3038247973
dimwishlist:item=3961462214&perks=4090651448,3230963543,776531651,2048641572
dimwishlist:item=3961462214&perks=4090651448,3230963543,776531651,1464081238
dimwishlist:item=3961462214&perks=4090651448,3230963543,2360347339,3038247973
dimwishlist:item=3961462214&perks=4090651448,3230963543,2360347339,2048641572
dimwishlist:item=3961462214&perks=4090651448,3230963543,2360347339,1464081238
dimwishlist:item=3961462214&perks=4090651448,3230963543,3700496672,3038247973
dimwishlist:item=3961462214&perks=4090651448,3230963543,3700496672,2048641572
dimwishlist:item=3961462214&perks=4090651448,3230963543,3700496672,1464081238
dimwishlist:item=3961462214&perks=1840239774,1087426260,776531651,3038247973
dimwishlist:item=3961462214&perks=1840239774,1087426260,776531651,2048641572
dimwishlist:item=3961462214&perks=1840239774,1087426260,776531651,1464081238
dimwishlist:item=3961462214&perks=1840239774,1087426260,2360347339,3038247973
dimwishlist:item=3961462214&perks=1840239774,1087426260,2360347339,2048641572
dimwishlist:item=3961462214&perks=1840239774,1087426260,2360347339,1464081238
dimwishlist:item=3961462214&perks=1840239774,1087426260,3700496672,3038247973
dimwishlist:item=3961462214&perks=1840239774,1087426260,3700496672,2048641572
dimwishlist:item=3961462214&perks=1840239774,1087426260,3700496672,1464081238
dimwishlist:item=3961462214&perks=1840239774,106909392,776531651,3038247973
dimwishlist:item=3961462214&perks=1840239774,106909392,776531651,2048641572
dimwishlist:item=3961462214&perks=1840239774,106909392,776531651,1464081238
dimwishlist:item=3961462214&perks=1840239774,106909392,2360347339,3038247973
dimwishlist:item=3961462214&perks=1840239774,106909392,2360347339,2048641572
dimwishlist:item=3961462214&perks=1840239774,106909392,2360347339,1464081238
dimwishlist:item=3961462214&perks=1840239774,106909392,3700496672,3038247973
dimwishlist:item=3961462214&perks=1840239774,106909392,3700496672,2048641572
dimwishlist:item=3961462214&perks=1840239774,106909392,3700496672,1464081238
dimwishlist:item=3961462214&perks=1840239774,3230963543,776531651,3038247973
dimwishlist:item=3961462214&perks=1840239774,3230963543,776531651,2048641572
dimwishlist:item=3961462214&perks=1840239774,3230963543,776531651,1464081238
dimwishlist:item=3961462214&perks=1840239774,3230963543,2360347339,3038247973
dimwishlist:item=3961462214&perks=1840239774,3230963543,2360347339,2048641572
dimwishlist:item=3961462214&perks=1840239774,3230963543,2360347339,1464081238
dimwishlist:item=3961462214&perks=1840239774,3230963543,3700496672,3038247973
dimwishlist:item=3961462214&perks=1840239774,3230963543,3700496672,2048641572
dimwishlist:item=3961462214&perks=1840239774,3230963543,3700496672,1464081238


// The Ringing Nail - 嗡鸣铁锭 (god-pve)
//notes: tags:god-pve
dimwishlist:item=4206550094&perks=839105230,1087426260,3017780555,2890807135
dimwishlist:item=4206550094&perks=839105230,1087426260,3017780555,3824105627
dimwishlist:item=4206550094&perks=839105230,1087426260,4293542123,2890807135
dimwishlist:item=4206550094&perks=839105230,1087426260,4293542123,3824105627
dimwishlist:item=4206550094&perks=839105230,1087426260,2848615171,2890807135
dimwishlist:item=4206550094&perks=839105230,1087426260,2848615171,3824105627
dimwishlist:item=4206550094&perks=839105230,3230963543,3017780555,2890807135
dimwishlist:item=4206550094&perks=839105230,3230963543,3017780555,3824105627
dimwishlist:item=4206550094&perks=839105230,3230963543,4293542123,2890807135
dimwishlist:item=4206550094&perks=839105230,3230963543,4293542123,3824105627
dimwishlist:item=4206550094&perks=839105230,3230963543,2848615171,2890807135
dimwishlist:item=4206550094&perks=839105230,3230963543,2848615171,3824105627
dimwishlist:item=4206550094&perks=839105230,106909392,3017780555,2890807135
dimwishlist:item=4206550094&perks=839105230,106909392,3017780555,3824105627
dimwishlist:item=4206550094&perks=839105230,106909392,4293542123,2890807135
dimwishlist:item=4206550094&perks=839105230,106909392,4293542123,3824105627
dimwishlist:item=4206550094&perks=839105230,106909392,2848615171,2890807135
dimwishlist:item=4206550094&perks=839105230,106909392,2848615171,3824105627
dimwishlist:item=4206550094&perks=4090651448,1087426260,3017780555,2890807135
dimwishlist:item=4206550094&perks=4090651448,1087426260,3017780555,3824105627
dimwishlist:item=4206550094&perks=4090651448,1087426260,4293542123,2890807135
dimwishlist:item=4206550094&perks=4090651448,1087426260,4293542123,3824105627
dimwishlist:item=4206550094&perks=4090651448,1087426260,2848615171,2890807135
dimwishlist:item=4206550094&perks=4090651448,1087426260,2848615171,3824105627
dimwishlist:item=4206550094&perks=4090651448,3230963543,3017780555,2890807135
dimwishlist:item=4206550094&perks=4090651448,3230963543,3017780555,3824105627
dimwishlist:item=4206550094&perks=4090651448,3230963543,4293542123,2890807135
dimwishlist:item=4206550094&perks=4090651448,3230963543,4293542123,3824105627
dimwishlist:item=4206550094&perks=4090651448,3230963543,2848615171,2890807135
dimwishlist:item=4206550094&perks=4090651448,3230963543,2848615171,3824105627
dimwishlist:item=4206550094&perks=4090651448,106909392,3017780555,2890807135
dimwishlist:item=4206550094&perks=4090651448,106909392,3017780555,3824105627
dimwishlist:item=4206550094&perks=4090651448,106909392,4293542123,2890807135
dimwishlist:item=4206550094&perks=4090651448,106909392,4293542123,3824105627
dimwishlist:item=4206550094&perks=4090651448,106909392,2848615171,2890807135
dimwishlist:item=4206550094&perks=4090651448,106909392,2848615171,3824105627
dimwishlist:item=4206550094&perks=1840239774,1087426260,3017780555,2890807135
dimwishlist:item=4206550094&perks=1840239774,1087426260,3017780555,3824105627
dimwishlist:item=4206550094&perks=1840239774,1087426260,4293542123,2890807135
dimwishlist:item=4206550094&perks=1840239774,1087426260,4293542123,3824105627
dimwishlist:item=4206550094&perks=1840239774,1087426260,2848615171,2890807135
dimwishlist:item=4206550094&perks=1840239774,1087426260,2848615171,3824105627
dimwishlist:item=4206550094&perks=1840239774,3230963543,3017780555,2890807135
dimwishlist:item=4206550094&perks=1840239774,3230963543,3017780555,3824105627
dimwishlist:item=4206550094&perks=1840239774,3230963543,4293542123,2890807135
dimwishlist:item=4206550094&perks=1840239774,3230963543,4293542123,3824105627
dimwishlist:item=4206550094&perks=1840239774,3230963543,2848615171,2890807135
dimwishlist:item=4206550094&perks=1840239774,3230963543,2848615171,3824105627
dimwishlist:item=4206550094&perks=1840239774,106909392,3017780555,2890807135
dimwishlist:item=4206550094&perks=1840239774,106909392,3017780555,3824105627
dimwishlist:item=4206550094&perks=1840239774,106909392,4293542123,2890807135
dimwishlist:item=4206550094&perks=1840239774,106909392,4293542123,3824105627
dimwishlist:item=4206550094&perks=1840239774,106909392,2848615171,2890807135
dimwishlist:item=4206550094&perks=1840239774,106909392,2848615171,3824105627


