title:PVE列表-巅峰传承

// Duty Bound - 使命羁绊 (pve)
//notes: 纯纯玩具，没有长驻增伤perk。 tags:pve
dimwishlist:item=89693562&perks=839105230,106909392,1354429876,3400784728
dimwishlist:item=89693562&perks=839105230,3230963543,1354429876,3400784728
dimwishlist:item=89693562&perks=4090651448,106909392,1354429876,3400784728
dimwishlist:item=89693562&perks=4090651448,3230963543,1354429876,3400784728
dimwishlist:item=89693562&perks=1840239774,106909392,1354429876,3400784728
dimwishlist:item=89693562&perks=1840239774,3230963543,1354429876,3400784728


// Duty Bound - 使命羁绊 (pve)
//notes: 纯纯玩具，没有长驻增伤perk。 tags:pve
dimwishlist:item=260532765&perks=839105230,1087426260,1354429876,3400784728
dimwishlist:item=260532765&perks=839105230,106909392,1354429876,3400784728
dimwishlist:item=260532765&perks=839105230,3230963543,1354429876,3400784728
dimwishlist:item=260532765&perks=4090651448,1087426260,1354429876,3400784728
dimwishlist:item=260532765&perks=4090651448,106909392,1354429876,3400784728
dimwishlist:item=260532765&perks=4090651448,3230963543,1354429876,3400784728
dimwishlist:item=260532765&perks=1840239774,1087426260,1354429876,3400784728
dimwishlist:item=260532765&perks=1840239774,106909392,1354429876,3400784728
dimwishlist:item=260532765&perks=1840239774,3230963543,1354429876,3400784728


// Loaded Question - 既定观点问题 (pve)
//notes: 比较好获得的补伤害高冲融合。偏抱着射的高冲融合，高冲没加强之前抱着射的dps就已经算高了，加强后输出更强。 tags:pve
dimwishlist:item=852069910&perks=839105230,689005463,3643424744,2594592626
dimwishlist:item=852069910&perks=839105230,689005463,3643424744,1427256713
dimwishlist:item=852069910&perks=839105230,689005463,3300816228,2594592626
dimwishlist:item=852069910&perks=839105230,689005463,3300816228,1427256713
dimwishlist:item=852069910&perks=839105230,689005463,968510818,2594592626
dimwishlist:item=852069910&perks=839105230,689005463,968510818,1427256713
dimwishlist:item=852069910&perks=839105230,2680121939,3643424744,2594592626
dimwishlist:item=852069910&perks=839105230,2680121939,3643424744,1427256713
dimwishlist:item=852069910&perks=839105230,2680121939,3300816228,2594592626
dimwishlist:item=852069910&perks=839105230,2680121939,3300816228,1427256713
dimwishlist:item=852069910&perks=839105230,2680121939,968510818,2594592626
dimwishlist:item=852069910&perks=839105230,2680121939,968510818,1427256713
dimwishlist:item=852069910&perks=4090651448,689005463,3643424744,2594592626
dimwishlist:item=852069910&perks=4090651448,689005463,3643424744,1427256713
dimwishlist:item=852069910&perks=4090651448,689005463,3300816228,2594592626
dimwishlist:item=852069910&perks=4090651448,689005463,3300816228,1427256713
dimwishlist:item=852069910&perks=4090651448,689005463,968510818,2594592626
dimwishlist:item=852069910&perks=4090651448,689005463,968510818,1427256713
dimwishlist:item=852069910&perks=4090651448,2680121939,3643424744,2594592626
dimwishlist:item=852069910&perks=4090651448,2680121939,3643424744,1427256713
dimwishlist:item=852069910&perks=4090651448,2680121939,3300816228,2594592626
dimwishlist:item=852069910&perks=4090651448,2680121939,3300816228,1427256713
dimwishlist:item=852069910&perks=4090651448,2680121939,968510818,2594592626
dimwishlist:item=852069910&perks=4090651448,2680121939,968510818,1427256713
dimwishlist:item=852069910&perks=1840239774,689005463,3643424744,2594592626
dimwishlist:item=852069910&perks=1840239774,689005463,3643424744,1427256713
dimwishlist:item=852069910&perks=1840239774,689005463,3300816228,2594592626
dimwishlist:item=852069910&perks=1840239774,689005463,3300816228,1427256713
dimwishlist:item=852069910&perks=1840239774,689005463,968510818,2594592626
dimwishlist:item=852069910&perks=1840239774,689005463,968510818,1427256713
dimwishlist:item=852069910&perks=1840239774,2680121939,3643424744,2594592626
dimwishlist:item=852069910&perks=1840239774,2680121939,3643424744,1427256713
dimwishlist:item=852069910&perks=1840239774,2680121939,3300816228,2594592626
dimwishlist:item=852069910&perks=1840239774,2680121939,3300816228,1427256713
dimwishlist:item=852069910&perks=1840239774,2680121939,968510818,2594592626
dimwishlist:item=852069910&perks=1840239774,2680121939,968510818,1427256713


// PLUG ONE.1 - 插头一号 (pve)
//notes: 常规融合补伤害/清黄血，可破屏障。 tags:pve
dimwishlist:item=852069911&perks=839105230,689005463,1523832109,2594592626
dimwishlist:item=852069911&perks=839105230,689005463,1523832109,1427256713
dimwishlist:item=852069911&perks=839105230,2680121939,1523832109,2594592626
dimwishlist:item=852069911&perks=839105230,2680121939,1523832109,1427256713
dimwishlist:item=852069911&perks=4090651448,689005463,1523832109,2594592626
dimwishlist:item=852069911&perks=4090651448,689005463,1523832109,1427256713
dimwishlist:item=852069911&perks=4090651448,2680121939,1523832109,2594592626
dimwishlist:item=852069911&perks=4090651448,2680121939,1523832109,1427256713
dimwishlist:item=852069911&perks=1840239774,689005463,1523832109,2594592626
dimwishlist:item=852069911&perks=1840239774,689005463,1523832109,1427256713
dimwishlist:item=852069911&perks=1840239774,2680121939,1523832109,2594592626
dimwishlist:item=852069911&perks=1840239774,2680121939,1523832109,1427256713


// Mindbender's Ambition - 心灵操纵者的野心 (pve)
//notes: tags:pve
dimwishlist:item=951529995&perks=1482024992,791862061,4071163871,2679249093
dimwishlist:item=951529995&perks=1482024992,791862061,2039302152,2679249093
dimwishlist:item=951529995&perks=1300023272,791862061,4071163871,2679249093
dimwishlist:item=951529995&perks=1300023272,791862061,2039302152,2679249093
dimwishlist:item=951529995&perks=4090651448,791862061,4071163871,2679249093
dimwishlist:item=951529995&perks=4090651448,791862061,2039302152,2679249093
dimwishlist:item=951529995&perks=1047830412,791862061,4071163871,2679249093
dimwishlist:item=951529995&perks=1047830412,791862061,2039302152,2679249093


// Scintillation - 闪耀 (god-pve)
//notes: 好用的三连发线融。老perk池，但在线融里还行，有回转+v厂特性可以直接清空弹药。当然也可以逼入绝境+腹背极端场合，目前嫉妒刺客不能切枪了只用这俩腹背就行。 tags:god-pve
dimwishlist:item=1207321710&perks=839105230,689005463,1799762209,3708227201
dimwishlist:item=1207321710&perks=839105230,689005463,1799762209,3078487919
dimwishlist:item=1207321710&perks=839105230,689005463,1799762209,1771339417
dimwishlist:item=1207321710&perks=839105230,689005463,3418782618,3708227201
dimwishlist:item=1207321710&perks=839105230,689005463,3418782618,3078487919
dimwishlist:item=1207321710&perks=839105230,689005463,3418782618,1771339417
dimwishlist:item=1207321710&perks=839105230,689005463,3300816228,3708227201
dimwishlist:item=1207321710&perks=839105230,689005463,3300816228,3078487919
dimwishlist:item=1207321710&perks=839105230,689005463,3300816228,1771339417
dimwishlist:item=1207321710&perks=839105230,2680121939,1799762209,3708227201
dimwishlist:item=1207321710&perks=839105230,2680121939,1799762209,3078487919
dimwishlist:item=1207321710&perks=839105230,2680121939,1799762209,1771339417
dimwishlist:item=1207321710&perks=839105230,2680121939,3418782618,3708227201
dimwishlist:item=1207321710&perks=839105230,2680121939,3418782618,3078487919
dimwishlist:item=1207321710&perks=839105230,2680121939,3418782618,1771339417
dimwishlist:item=1207321710&perks=839105230,2680121939,3300816228,3708227201
dimwishlist:item=1207321710&perks=839105230,2680121939,3300816228,3078487919
dimwishlist:item=1207321710&perks=839105230,2680121939,3300816228,1771339417
dimwishlist:item=1207321710&perks=4090651448,689005463,1799762209,3708227201
dimwishlist:item=1207321710&perks=4090651448,689005463,1799762209,3078487919
dimwishlist:item=1207321710&perks=4090651448,689005463,1799762209,1771339417
dimwishlist:item=1207321710&perks=4090651448,689005463,3418782618,3708227201
dimwishlist:item=1207321710&perks=4090651448,689005463,3418782618,3078487919
dimwishlist:item=1207321710&perks=4090651448,689005463,3418782618,1771339417
dimwishlist:item=1207321710&perks=4090651448,689005463,3300816228,3708227201
dimwishlist:item=1207321710&perks=4090651448,689005463,3300816228,3078487919
dimwishlist:item=1207321710&perks=4090651448,689005463,3300816228,1771339417
dimwishlist:item=1207321710&perks=4090651448,2680121939,1799762209,3708227201
dimwishlist:item=1207321710&perks=4090651448,2680121939,1799762209,3078487919
dimwishlist:item=1207321710&perks=4090651448,2680121939,1799762209,1771339417
dimwishlist:item=1207321710&perks=4090651448,2680121939,3418782618,3708227201
dimwishlist:item=1207321710&perks=4090651448,2680121939,3418782618,3078487919
dimwishlist:item=1207321710&perks=4090651448,2680121939,3418782618,1771339417
dimwishlist:item=1207321710&perks=4090651448,2680121939,3300816228,3708227201
dimwishlist:item=1207321710&perks=4090651448,2680121939,3300816228,3078487919
dimwishlist:item=1207321710&perks=4090651448,2680121939,3300816228,1771339417
dimwishlist:item=1207321710&perks=1840239774,689005463,1799762209,3708227201
dimwishlist:item=1207321710&perks=1840239774,689005463,1799762209,3078487919
dimwishlist:item=1207321710&perks=1840239774,689005463,1799762209,1771339417
dimwishlist:item=1207321710&perks=1840239774,689005463,3418782618,3708227201
dimwishlist:item=1207321710&perks=1840239774,689005463,3418782618,3078487919
dimwishlist:item=1207321710&perks=1840239774,689005463,3418782618,1771339417
dimwishlist:item=1207321710&perks=1840239774,689005463,3300816228,3708227201
dimwishlist:item=1207321710&perks=1840239774,689005463,3300816228,3078487919
dimwishlist:item=1207321710&perks=1840239774,689005463,3300816228,1771339417
dimwishlist:item=1207321710&perks=1840239774,2680121939,1799762209,3708227201
dimwishlist:item=1207321710&perks=1840239774,2680121939,1799762209,3078487919
dimwishlist:item=1207321710&perks=1840239774,2680121939,1799762209,1771339417
dimwishlist:item=1207321710&perks=1840239774,2680121939,3418782618,3708227201
dimwishlist:item=1207321710&perks=1840239774,2680121939,3418782618,3078487919
dimwishlist:item=1207321710&perks=1840239774,2680121939,3418782618,1771339417
dimwishlist:item=1207321710&perks=1840239774,2680121939,3300816228,3708227201
dimwishlist:item=1207321710&perks=1840239774,2680121939,3300816228,3078487919
dimwishlist:item=1207321710&perks=1840239774,2680121939,3300816228,1771339417


// Sarpedon-D - 萨耳珀冬-D (pve)
//notes: 常规非电职业近接+雪上就行。 tags:pve
dimwishlist:item=1242785638&perks=1300023272,1087426260,1115162408,2679249093
dimwishlist:item=1242785638&perks=1300023272,1087426260,1115162408,2360754333
dimwishlist:item=1242785638&perks=1300023272,1087426260,1115162408,2173046394
dimwishlist:item=1242785638&perks=1300023272,1087426260,4190679284,2679249093
dimwishlist:item=1242785638&perks=1300023272,1087426260,4190679284,2360754333
dimwishlist:item=1242785638&perks=1300023272,1087426260,4190679284,2173046394
dimwishlist:item=1242785638&perks=1300023272,1087426260,684456054,2679249093
dimwishlist:item=1242785638&perks=1300023272,1087426260,684456054,2360754333
dimwishlist:item=1242785638&perks=1300023272,1087426260,684456054,2173046394
dimwishlist:item=1242785638&perks=1300023272,106909392,1115162408,2679249093
dimwishlist:item=1242785638&perks=1300023272,106909392,1115162408,2360754333
dimwishlist:item=1242785638&perks=1300023272,106909392,1115162408,2173046394
dimwishlist:item=1242785638&perks=1300023272,106909392,4190679284,2679249093
dimwishlist:item=1242785638&perks=1300023272,106909392,4190679284,2360754333
dimwishlist:item=1242785638&perks=1300023272,106909392,4190679284,2173046394
dimwishlist:item=1242785638&perks=1300023272,106909392,684456054,2679249093
dimwishlist:item=1242785638&perks=1300023272,106909392,684456054,2360754333
dimwishlist:item=1242785638&perks=1300023272,106909392,684456054,2173046394
dimwishlist:item=1242785638&perks=1300023272,3230963543,1115162408,2679249093
dimwishlist:item=1242785638&perks=1300023272,3230963543,1115162408,2360754333
dimwishlist:item=1242785638&perks=1300023272,3230963543,1115162408,2173046394
dimwishlist:item=1242785638&perks=1300023272,3230963543,4190679284,2679249093
dimwishlist:item=1242785638&perks=1300023272,3230963543,4190679284,2360754333
dimwishlist:item=1242785638&perks=1300023272,3230963543,4190679284,2173046394
dimwishlist:item=1242785638&perks=1300023272,3230963543,684456054,2679249093
dimwishlist:item=1242785638&perks=1300023272,3230963543,684456054,2360754333
dimwishlist:item=1242785638&perks=1300023272,3230963543,684456054,2173046394
dimwishlist:item=1242785638&perks=4090651448,1087426260,1115162408,2679249093
dimwishlist:item=1242785638&perks=4090651448,1087426260,1115162408,2360754333
dimwishlist:item=1242785638&perks=4090651448,1087426260,1115162408,2173046394
dimwishlist:item=1242785638&perks=4090651448,1087426260,4190679284,2679249093
dimwishlist:item=1242785638&perks=4090651448,1087426260,4190679284,2360754333
dimwishlist:item=1242785638&perks=4090651448,1087426260,4190679284,2173046394
dimwishlist:item=1242785638&perks=4090651448,1087426260,684456054,2679249093
dimwishlist:item=1242785638&perks=4090651448,1087426260,684456054,2360754333
dimwishlist:item=1242785638&perks=4090651448,1087426260,684456054,2173046394
dimwishlist:item=1242785638&perks=4090651448,106909392,1115162408,2679249093
dimwishlist:item=1242785638&perks=4090651448,106909392,1115162408,2360754333
dimwishlist:item=1242785638&perks=4090651448,106909392,1115162408,2173046394
dimwishlist:item=1242785638&perks=4090651448,106909392,4190679284,2679249093
dimwishlist:item=1242785638&perks=4090651448,106909392,4190679284,2360754333
dimwishlist:item=1242785638&perks=4090651448,106909392,4190679284,2173046394
dimwishlist:item=1242785638&perks=4090651448,106909392,684456054,2679249093
dimwishlist:item=1242785638&perks=4090651448,106909392,684456054,2360754333
dimwishlist:item=1242785638&perks=4090651448,106909392,684456054,2173046394
dimwishlist:item=1242785638&perks=4090651448,3230963543,1115162408,2679249093
dimwishlist:item=1242785638&perks=4090651448,3230963543,1115162408,2360754333
dimwishlist:item=1242785638&perks=4090651448,3230963543,1115162408,2173046394
dimwishlist:item=1242785638&perks=4090651448,3230963543,4190679284,2679249093
dimwishlist:item=1242785638&perks=4090651448,3230963543,4190679284,2360754333
dimwishlist:item=1242785638&perks=4090651448,3230963543,4190679284,2173046394
dimwishlist:item=1242785638&perks=4090651448,3230963543,684456054,2679249093
dimwishlist:item=1242785638&perks=4090651448,3230963543,684456054,2360754333
dimwishlist:item=1242785638&perks=4090651448,3230963543,684456054,2173046394
dimwishlist:item=1242785638&perks=1047830412,1087426260,1115162408,2679249093
dimwishlist:item=1242785638&perks=1047830412,1087426260,1115162408,2360754333
dimwishlist:item=1242785638&perks=1047830412,1087426260,1115162408,2173046394
dimwishlist:item=1242785638&perks=1047830412,1087426260,4190679284,2679249093
dimwishlist:item=1242785638&perks=1047830412,1087426260,4190679284,2360754333
dimwishlist:item=1242785638&perks=1047830412,1087426260,4190679284,2173046394
dimwishlist:item=1242785638&perks=1047830412,1087426260,684456054,2679249093
dimwishlist:item=1242785638&perks=1047830412,1087426260,684456054,2360754333
dimwishlist:item=1242785638&perks=1047830412,1087426260,684456054,2173046394
dimwishlist:item=1242785638&perks=1047830412,106909392,1115162408,2679249093
dimwishlist:item=1242785638&perks=1047830412,106909392,1115162408,2360754333
dimwishlist:item=1242785638&perks=1047830412,106909392,1115162408,2173046394
dimwishlist:item=1242785638&perks=1047830412,106909392,4190679284,2679249093
dimwishlist:item=1242785638&perks=1047830412,106909392,4190679284,2360754333
dimwishlist:item=1242785638&perks=1047830412,106909392,4190679284,2173046394
dimwishlist:item=1242785638&perks=1047830412,106909392,684456054,2679249093
dimwishlist:item=1242785638&perks=1047830412,106909392,684456054,2360754333
dimwishlist:item=1242785638&perks=1047830412,106909392,684456054,2173046394
dimwishlist:item=1242785638&perks=1047830412,3230963543,1115162408,2679249093
dimwishlist:item=1242785638&perks=1047830412,3230963543,1115162408,2360754333
dimwishlist:item=1242785638&perks=1047830412,3230963543,1115162408,2173046394
dimwishlist:item=1242785638&perks=1047830412,3230963543,4190679284,2679249093
dimwishlist:item=1242785638&perks=1047830412,3230963543,4190679284,2360754333
dimwishlist:item=1242785638&perks=1047830412,3230963543,4190679284,2173046394
dimwishlist:item=1242785638&perks=1047830412,3230963543,684456054,2679249093
dimwishlist:item=1242785638&perks=1047830412,3230963543,684456054,2360754333
dimwishlist:item=1242785638&perks=1047830412,3230963543,684456054,2173046394


// Rake Angle - 倾斜角度 (pve)
//notes: 主手唯一冰冷弹匣偃月，抗伤+控制。三号位补足/丰盈偏举盾续航，霜华用来配冰冷上冰甲。四号位别的也能用，但鉴于这是唯一冰冷弹匣偃月，还是选这个特色perk。 tags:pve
dimwishlist:item=2201323795&perks=1966281507,2978966579
dimwishlist:item=2201323795&perks=1966281507,1782407750
dimwishlist:item=2201323795&perks=1955165503,2978966579
dimwishlist:item=2201323795&perks=1955165503,1782407750
dimwishlist:item=2201323795&perks=1556840489,2978966579
dimwishlist:item=2201323795&perks=1556840489,1782407750
dimwishlist:item=2201323795&perks=3643424744,2978966579
dimwishlist:item=2201323795&perks=3643424744,1782407750


// Warden's Law - 典狱长的规则 (pve)
//notes: 无爱的下位主手手炮 tags:pve
dimwishlist:item=2363113134&perks=839105230,106909392,1354429876,1546637391
dimwishlist:item=2363113134&perks=839105230,3230963543,1354429876,1546637391
dimwishlist:item=2363113134&perks=839105230,791862061,1354429876,1546637391
dimwishlist:item=2363113134&perks=4090651448,106909392,1354429876,1546637391
dimwishlist:item=2363113134&perks=4090651448,3230963543,1354429876,1546637391
dimwishlist:item=2363113134&perks=4090651448,791862061,1354429876,1546637391
dimwishlist:item=2363113134&perks=1840239774,106909392,1354429876,1546637391
dimwishlist:item=2363113134&perks=1840239774,3230963543,1354429876,1546637391
dimwishlist:item=2363113134&perks=1840239774,791862061,1354429876,1546637391


// Shadow Price - 暗影代价 (pve)
//notes: tags:pve
dimwishlist:item=3142989221&perks=839105230,1087426260,243981275,2173046394
dimwishlist:item=3142989221&perks=839105230,1087426260,880644845,2173046394
dimwishlist:item=3142989221&perks=839105230,106909392,243981275,2173046394
dimwishlist:item=3142989221&perks=839105230,106909392,880644845,2173046394
dimwishlist:item=3142989221&perks=839105230,3230963543,243981275,2173046394
dimwishlist:item=3142989221&perks=839105230,3230963543,880644845,2173046394
dimwishlist:item=3142989221&perks=839105230,791862061,243981275,2173046394
dimwishlist:item=3142989221&perks=839105230,791862061,880644845,2173046394
dimwishlist:item=3142989221&perks=4090651448,1087426260,243981275,2173046394
dimwishlist:item=3142989221&perks=4090651448,1087426260,880644845,2173046394
dimwishlist:item=3142989221&perks=4090651448,106909392,243981275,2173046394
dimwishlist:item=3142989221&perks=4090651448,106909392,880644845,2173046394
dimwishlist:item=3142989221&perks=4090651448,3230963543,243981275,2173046394
dimwishlist:item=3142989221&perks=4090651448,3230963543,880644845,2173046394
dimwishlist:item=3142989221&perks=4090651448,791862061,243981275,2173046394
dimwishlist:item=3142989221&perks=4090651448,791862061,880644845,2173046394
dimwishlist:item=3142989221&perks=1840239774,1087426260,243981275,2173046394
dimwishlist:item=3142989221&perks=1840239774,1087426260,880644845,2173046394
dimwishlist:item=3142989221&perks=1840239774,106909392,243981275,2173046394
dimwishlist:item=3142989221&perks=1840239774,106909392,880644845,2173046394
dimwishlist:item=3142989221&perks=1840239774,3230963543,243981275,2173046394
dimwishlist:item=3142989221&perks=1840239774,3230963543,880644845,2173046394
dimwishlist:item=3142989221&perks=1840239774,791862061,243981275,2173046394
dimwishlist:item=3142989221&perks=1840239774,791862061,880644845,2173046394


// Sarpedon-D - 萨耳珀冬-D (pve)
//notes: 常规非电职业近接+雪上就行 tags:pve
dimwishlist:item=3318545829&perks=1300023272,1087426260,1115162408,2679249093
dimwishlist:item=3318545829&perks=1300023272,1087426260,1115162408,2360754333
dimwishlist:item=3318545829&perks=1300023272,1087426260,1115162408,2173046394
dimwishlist:item=3318545829&perks=1300023272,1087426260,4190679284,2679249093
dimwishlist:item=3318545829&perks=1300023272,1087426260,4190679284,2360754333
dimwishlist:item=3318545829&perks=1300023272,1087426260,4190679284,2173046394
dimwishlist:item=3318545829&perks=1300023272,1087426260,684456054,2679249093
dimwishlist:item=3318545829&perks=1300023272,1087426260,684456054,2360754333
dimwishlist:item=3318545829&perks=1300023272,1087426260,684456054,2173046394
dimwishlist:item=3318545829&perks=1300023272,106909392,1115162408,2679249093
dimwishlist:item=3318545829&perks=1300023272,106909392,1115162408,2360754333
dimwishlist:item=3318545829&perks=1300023272,106909392,1115162408,2173046394
dimwishlist:item=3318545829&perks=1300023272,106909392,4190679284,2679249093
dimwishlist:item=3318545829&perks=1300023272,106909392,4190679284,2360754333
dimwishlist:item=3318545829&perks=1300023272,106909392,4190679284,2173046394
dimwishlist:item=3318545829&perks=1300023272,106909392,684456054,2679249093
dimwishlist:item=3318545829&perks=1300023272,106909392,684456054,2360754333
dimwishlist:item=3318545829&perks=1300023272,106909392,684456054,2173046394
dimwishlist:item=3318545829&perks=1300023272,3230963543,1115162408,2679249093
dimwishlist:item=3318545829&perks=1300023272,3230963543,1115162408,2360754333
dimwishlist:item=3318545829&perks=1300023272,3230963543,1115162408,2173046394
dimwishlist:item=3318545829&perks=1300023272,3230963543,4190679284,2679249093
dimwishlist:item=3318545829&perks=1300023272,3230963543,4190679284,2360754333
dimwishlist:item=3318545829&perks=1300023272,3230963543,4190679284,2173046394
dimwishlist:item=3318545829&perks=1300023272,3230963543,684456054,2679249093
dimwishlist:item=3318545829&perks=1300023272,3230963543,684456054,2360754333
dimwishlist:item=3318545829&perks=1300023272,3230963543,684456054,2173046394
dimwishlist:item=3318545829&perks=4090651448,1087426260,1115162408,2679249093
dimwishlist:item=3318545829&perks=4090651448,1087426260,1115162408,2360754333
dimwishlist:item=3318545829&perks=4090651448,1087426260,1115162408,2173046394
dimwishlist:item=3318545829&perks=4090651448,1087426260,4190679284,2679249093
dimwishlist:item=3318545829&perks=4090651448,1087426260,4190679284,2360754333
dimwishlist:item=3318545829&perks=4090651448,1087426260,4190679284,2173046394
dimwishlist:item=3318545829&perks=4090651448,1087426260,684456054,2679249093
dimwishlist:item=3318545829&perks=4090651448,1087426260,684456054,2360754333
dimwishlist:item=3318545829&perks=4090651448,1087426260,684456054,2173046394
dimwishlist:item=3318545829&perks=4090651448,106909392,1115162408,2679249093
dimwishlist:item=3318545829&perks=4090651448,106909392,1115162408,2360754333
dimwishlist:item=3318545829&perks=4090651448,106909392,1115162408,2173046394
dimwishlist:item=3318545829&perks=4090651448,106909392,4190679284,2679249093
dimwishlist:item=3318545829&perks=4090651448,106909392,4190679284,2360754333
dimwishlist:item=3318545829&perks=4090651448,106909392,4190679284,2173046394
dimwishlist:item=3318545829&perks=4090651448,106909392,684456054,2679249093
dimwishlist:item=3318545829&perks=4090651448,106909392,684456054,2360754333
dimwishlist:item=3318545829&perks=4090651448,106909392,684456054,2173046394
dimwishlist:item=3318545829&perks=4090651448,3230963543,1115162408,2679249093
dimwishlist:item=3318545829&perks=4090651448,3230963543,1115162408,2360754333
dimwishlist:item=3318545829&perks=4090651448,3230963543,1115162408,2173046394
dimwishlist:item=3318545829&perks=4090651448,3230963543,4190679284,2679249093
dimwishlist:item=3318545829&perks=4090651448,3230963543,4190679284,2360754333
dimwishlist:item=3318545829&perks=4090651448,3230963543,4190679284,2173046394
dimwishlist:item=3318545829&perks=4090651448,3230963543,684456054,2679249093
dimwishlist:item=3318545829&perks=4090651448,3230963543,684456054,2360754333
dimwishlist:item=3318545829&perks=4090651448,3230963543,684456054,2173046394
dimwishlist:item=3318545829&perks=1047830412,1087426260,1115162408,2679249093
dimwishlist:item=3318545829&perks=1047830412,1087426260,1115162408,2360754333
dimwishlist:item=3318545829&perks=1047830412,1087426260,1115162408,2173046394
dimwishlist:item=3318545829&perks=1047830412,1087426260,4190679284,2679249093
dimwishlist:item=3318545829&perks=1047830412,1087426260,4190679284,2360754333
dimwishlist:item=3318545829&perks=1047830412,1087426260,4190679284,2173046394
dimwishlist:item=3318545829&perks=1047830412,1087426260,684456054,2679249093
dimwishlist:item=3318545829&perks=1047830412,1087426260,684456054,2360754333
dimwishlist:item=3318545829&perks=1047830412,1087426260,684456054,2173046394
dimwishlist:item=3318545829&perks=1047830412,106909392,1115162408,2679249093
dimwishlist:item=3318545829&perks=1047830412,106909392,1115162408,2360754333
dimwishlist:item=3318545829&perks=1047830412,106909392,1115162408,2173046394
dimwishlist:item=3318545829&perks=1047830412,106909392,4190679284,2679249093
dimwishlist:item=3318545829&perks=1047830412,106909392,4190679284,2360754333
dimwishlist:item=3318545829&perks=1047830412,106909392,4190679284,2173046394
dimwishlist:item=3318545829&perks=1047830412,106909392,684456054,2679249093
dimwishlist:item=3318545829&perks=1047830412,106909392,684456054,2360754333
dimwishlist:item=3318545829&perks=1047830412,106909392,684456054,2173046394
dimwishlist:item=3318545829&perks=1047830412,3230963543,1115162408,2679249093
dimwishlist:item=3318545829&perks=1047830412,3230963543,1115162408,2360754333
dimwishlist:item=3318545829&perks=1047830412,3230963543,1115162408,2173046394
dimwishlist:item=3318545829&perks=1047830412,3230963543,4190679284,2679249093
dimwishlist:item=3318545829&perks=1047830412,3230963543,4190679284,2360754333
dimwishlist:item=3318545829&perks=1047830412,3230963543,4190679284,2173046394
dimwishlist:item=3318545829&perks=1047830412,3230963543,684456054,2679249093
dimwishlist:item=3318545829&perks=1047830412,3230963543,684456054,2360754333
dimwishlist:item=3318545829&perks=1047830412,3230963543,684456054,2173046394


// Cruel Mercy - 残酷怜悯 (pve)
//notes: 子弹二连发。 tags:pve
dimwishlist:item=4011513985&perks=839105230,3230963543,2848615171,4104185692
dimwishlist:item=4011513985&perks=839105230,3230963543,2848615171,3218042543
dimwishlist:item=4011513985&perks=839105230,3230963543,3523296417,4104185692
dimwishlist:item=4011513985&perks=839105230,3230963543,3523296417,3218042543
dimwishlist:item=4011513985&perks=839105230,106909392,2848615171,4104185692
dimwishlist:item=4011513985&perks=839105230,106909392,2848615171,3218042543
dimwishlist:item=4011513985&perks=839105230,106909392,3523296417,4104185692
dimwishlist:item=4011513985&perks=839105230,106909392,3523296417,3218042543
dimwishlist:item=4011513985&perks=4090651448,3230963543,2848615171,4104185692
dimwishlist:item=4011513985&perks=4090651448,3230963543,2848615171,3218042543
dimwishlist:item=4011513985&perks=4090651448,3230963543,3523296417,4104185692
dimwishlist:item=4011513985&perks=4090651448,3230963543,3523296417,3218042543
dimwishlist:item=4011513985&perks=4090651448,106909392,2848615171,4104185692
dimwishlist:item=4011513985&perks=4090651448,106909392,2848615171,3218042543
dimwishlist:item=4011513985&perks=4090651448,106909392,3523296417,4104185692
dimwishlist:item=4011513985&perks=4090651448,106909392,3523296417,3218042543
dimwishlist:item=4011513985&perks=1840239774,3230963543,2848615171,4104185692
dimwishlist:item=4011513985&perks=1840239774,3230963543,2848615171,3218042543
dimwishlist:item=4011513985&perks=1840239774,3230963543,3523296417,4104185692
dimwishlist:item=4011513985&perks=1840239774,3230963543,3523296417,3218042543
dimwishlist:item=4011513985&perks=1840239774,106909392,2848615171,4104185692
dimwishlist:item=4011513985&perks=1840239774,106909392,2848615171,3218042543
dimwishlist:item=4011513985&perks=1840239774,106909392,3523296417,4104185692
dimwishlist:item=4011513985&perks=1840239774,106909392,3523296417,3218042543


// Wild Style - 狂野风格 (pve)
//notes: 重建砍了以后三切就比较困难了，要对上6秒的重建轴还是也就配那种抱着射的偶尔切出来续个诱导推销的输出手法，或者有什么非常规配装用盗墓者换弹。日常重建+致盲还是能用的。 tags:pve
dimwishlist:item=4021098352&perks=1478423395,3032599245,1523832109,3078487919
dimwishlist:item=4021098352&perks=1478423395,3032599245,1523832109,3708227201
dimwishlist:item=4021098352&perks=1478423395,3032599245,1523832109,1546637391
dimwishlist:item=4021098352&perks=1478423395,3032599245,1631667848,3078487919
dimwishlist:item=4021098352&perks=1478423395,3032599245,1631667848,3708227201
dimwishlist:item=4021098352&perks=1478423395,3032599245,1631667848,1546637391
dimwishlist:item=4021098352&perks=1478423395,3301904089,1523832109,3078487919
dimwishlist:item=4021098352&perks=1478423395,3301904089,1523832109,3708227201
dimwishlist:item=4021098352&perks=1478423395,3301904089,1523832109,1546637391
dimwishlist:item=4021098352&perks=1478423395,3301904089,1631667848,3078487919
dimwishlist:item=4021098352&perks=1478423395,3301904089,1631667848,3708227201
dimwishlist:item=4021098352&perks=1478423395,3301904089,1631667848,1546637391
dimwishlist:item=4021098352&perks=1478423395,3492396210,1523832109,3078487919
dimwishlist:item=4021098352&perks=1478423395,3492396210,1523832109,3708227201
dimwishlist:item=4021098352&perks=1478423395,3492396210,1523832109,1546637391
dimwishlist:item=4021098352&perks=1478423395,3492396210,1631667848,3078487919
dimwishlist:item=4021098352&perks=1478423395,3492396210,1631667848,3708227201
dimwishlist:item=4021098352&perks=1478423395,3492396210,1631667848,1546637391
dimwishlist:item=4021098352&perks=1478423395,2822142346,1523832109,3078487919
dimwishlist:item=4021098352&perks=1478423395,2822142346,1523832109,3708227201
dimwishlist:item=4021098352&perks=1478423395,2822142346,1523832109,1546637391
dimwishlist:item=4021098352&perks=1478423395,2822142346,1631667848,3078487919
dimwishlist:item=4021098352&perks=1478423395,2822142346,1631667848,3708227201
dimwishlist:item=4021098352&perks=1478423395,2822142346,1631667848,1546637391
dimwishlist:item=4021098352&perks=981914802,3032599245,1523832109,3078487919
dimwishlist:item=4021098352&perks=981914802,3032599245,1523832109,3708227201
dimwishlist:item=4021098352&perks=981914802,3032599245,1523832109,1546637391
dimwishlist:item=4021098352&perks=981914802,3032599245,1631667848,3078487919
dimwishlist:item=4021098352&perks=981914802,3032599245,1631667848,3708227201
dimwishlist:item=4021098352&perks=981914802,3032599245,1631667848,1546637391
dimwishlist:item=4021098352&perks=981914802,3301904089,1523832109,3078487919
dimwishlist:item=4021098352&perks=981914802,3301904089,1523832109,3708227201
dimwishlist:item=4021098352&perks=981914802,3301904089,1523832109,1546637391
dimwishlist:item=4021098352&perks=981914802,3301904089,1631667848,3078487919
dimwishlist:item=4021098352&perks=981914802,3301904089,1631667848,3708227201
dimwishlist:item=4021098352&perks=981914802,3301904089,1631667848,1546637391
dimwishlist:item=4021098352&perks=981914802,3492396210,1523832109,3078487919
dimwishlist:item=4021098352&perks=981914802,3492396210,1523832109,3708227201
dimwishlist:item=4021098352&perks=981914802,3492396210,1523832109,1546637391
dimwishlist:item=4021098352&perks=981914802,3492396210,1631667848,3078487919
dimwishlist:item=4021098352&perks=981914802,3492396210,1631667848,3708227201
dimwishlist:item=4021098352&perks=981914802,3492396210,1631667848,1546637391
dimwishlist:item=4021098352&perks=981914802,2822142346,1523832109,3078487919
dimwishlist:item=4021098352&perks=981914802,2822142346,1523832109,3708227201
dimwishlist:item=4021098352&perks=981914802,2822142346,1523832109,1546637391
dimwishlist:item=4021098352&perks=981914802,2822142346,1631667848,3078487919
dimwishlist:item=4021098352&perks=981914802,2822142346,1631667848,3708227201
dimwishlist:item=4021098352&perks=981914802,2822142346,1631667848,1546637391
dimwishlist:item=4021098352&perks=1441682018,3032599245,1523832109,3078487919
dimwishlist:item=4021098352&perks=1441682018,3032599245,1523832109,3708227201
dimwishlist:item=4021098352&perks=1441682018,3032599245,1523832109,1546637391
dimwishlist:item=4021098352&perks=1441682018,3032599245,1631667848,3078487919
dimwishlist:item=4021098352&perks=1441682018,3032599245,1631667848,3708227201
dimwishlist:item=4021098352&perks=1441682018,3032599245,1631667848,1546637391
dimwishlist:item=4021098352&perks=1441682018,3301904089,1523832109,3078487919
dimwishlist:item=4021098352&perks=1441682018,3301904089,1523832109,3708227201
dimwishlist:item=4021098352&perks=1441682018,3301904089,1523832109,1546637391
dimwishlist:item=4021098352&perks=1441682018,3301904089,1631667848,3078487919
dimwishlist:item=4021098352&perks=1441682018,3301904089,1631667848,3708227201
dimwishlist:item=4021098352&perks=1441682018,3301904089,1631667848,1546637391
dimwishlist:item=4021098352&perks=1441682018,3492396210,1523832109,3078487919
dimwishlist:item=4021098352&perks=1441682018,3492396210,1523832109,3708227201
dimwishlist:item=4021098352&perks=1441682018,3492396210,1523832109,1546637391
dimwishlist:item=4021098352&perks=1441682018,3492396210,1631667848,3078487919
dimwishlist:item=4021098352&perks=1441682018,3492396210,1631667848,3708227201
dimwishlist:item=4021098352&perks=1441682018,3492396210,1631667848,1546637391
dimwishlist:item=4021098352&perks=1441682018,2822142346,1523832109,3078487919
dimwishlist:item=4021098352&perks=1441682018,2822142346,1523832109,3708227201
dimwishlist:item=4021098352&perks=1441682018,2822142346,1523832109,1546637391
dimwishlist:item=4021098352&perks=1441682018,2822142346,1631667848,3078487919
dimwishlist:item=4021098352&perks=1441682018,2822142346,1631667848,3708227201
dimwishlist:item=4021098352&perks=1441682018,2822142346,1631667848,1546637391
dimwishlist:item=4021098352&perks=3525010810,3032599245,1523832109,3078487919
dimwishlist:item=4021098352&perks=3525010810,3032599245,1523832109,3708227201
dimwishlist:item=4021098352&perks=3525010810,3032599245,1523832109,1546637391
dimwishlist:item=4021098352&perks=3525010810,3032599245,1631667848,3078487919
dimwishlist:item=4021098352&perks=3525010810,3032599245,1631667848,3708227201
dimwishlist:item=4021098352&perks=3525010810,3032599245,1631667848,1546637391
dimwishlist:item=4021098352&perks=3525010810,3301904089,1523832109,3078487919
dimwishlist:item=4021098352&perks=3525010810,3301904089,1523832109,3708227201
dimwishlist:item=4021098352&perks=3525010810,3301904089,1523832109,1546637391
dimwishlist:item=4021098352&perks=3525010810,3301904089,1631667848,3078487919
dimwishlist:item=4021098352&perks=3525010810,3301904089,1631667848,3708227201
dimwishlist:item=4021098352&perks=3525010810,3301904089,1631667848,1546637391
dimwishlist:item=4021098352&perks=3525010810,3492396210,1523832109,3078487919
dimwishlist:item=4021098352&perks=3525010810,3492396210,1523832109,3708227201
dimwishlist:item=4021098352&perks=3525010810,3492396210,1523832109,1546637391
dimwishlist:item=4021098352&perks=3525010810,3492396210,1631667848,3078487919
dimwishlist:item=4021098352&perks=3525010810,3492396210,1631667848,3708227201
dimwishlist:item=4021098352&perks=3525010810,3492396210,1631667848,1546637391
dimwishlist:item=4021098352&perks=3525010810,2822142346,1523832109,3078487919
dimwishlist:item=4021098352&perks=3525010810,2822142346,1523832109,3708227201
dimwishlist:item=4021098352&perks=3525010810,2822142346,1523832109,1546637391
dimwishlist:item=4021098352&perks=3525010810,2822142346,1631667848,3078487919
dimwishlist:item=4021098352&perks=3525010810,2822142346,1631667848,3708227201
dimwishlist:item=4021098352&perks=3525010810,2822142346,1631667848,1546637391
dimwishlist:item=4021098352&perks=3798852852,3032599245,1523832109,3078487919
dimwishlist:item=4021098352&perks=3798852852,3032599245,1523832109,3708227201
dimwishlist:item=4021098352&perks=3798852852,3032599245,1523832109,1546637391
dimwishlist:item=4021098352&perks=3798852852,3032599245,1631667848,3078487919
dimwishlist:item=4021098352&perks=3798852852,3032599245,1631667848,3708227201
dimwishlist:item=4021098352&perks=3798852852,3032599245,1631667848,1546637391
dimwishlist:item=4021098352&perks=3798852852,3301904089,1523832109,3078487919
dimwishlist:item=4021098352&perks=3798852852,3301904089,1523832109,3708227201
dimwishlist:item=4021098352&perks=3798852852,3301904089,1523832109,1546637391
dimwishlist:item=4021098352&perks=3798852852,3301904089,1631667848,3078487919
dimwishlist:item=4021098352&perks=3798852852,3301904089,1631667848,3708227201
dimwishlist:item=4021098352&perks=3798852852,3301904089,1631667848,1546637391
dimwishlist:item=4021098352&perks=3798852852,3492396210,1523832109,3078487919
dimwishlist:item=4021098352&perks=3798852852,3492396210,1523832109,3708227201
dimwishlist:item=4021098352&perks=3798852852,3492396210,1523832109,1546637391
dimwishlist:item=4021098352&perks=3798852852,3492396210,1631667848,3078487919
dimwishlist:item=4021098352&perks=3798852852,3492396210,1631667848,3708227201
dimwishlist:item=4021098352&perks=3798852852,3492396210,1631667848,1546637391
dimwishlist:item=4021098352&perks=3798852852,2822142346,1523832109,3078487919
dimwishlist:item=4021098352&perks=3798852852,2822142346,1523832109,3708227201
dimwishlist:item=4021098352&perks=3798852852,2822142346,1523832109,1546637391
dimwishlist:item=4021098352&perks=3798852852,2822142346,1631667848,3078487919
dimwishlist:item=4021098352&perks=3798852852,2822142346,1631667848,3708227201
dimwishlist:item=4021098352&perks=3798852852,2822142346,1631667848,1546637391


// Wendigo GL3 - 温迪戈GL3 (pve)
//notes: 古perk池榴弹，跟年五复刻时一模一样，一样配宝库套续球时爆炸光能才强势。不过得益于掌控全场的增强，在没有能量球的环境下可以先用掌控全场。最好掌控全场+爆炸光能同时有。 tags:pve
dimwishlist:item=4021098353&perks=1478423395,409831596,3300816228,2888557110
dimwishlist:item=4021098353&perks=1478423395,409831596,3300816228,3194351027
dimwishlist:item=4021098353&perks=1478423395,409831596,2284787283,2888557110
dimwishlist:item=4021098353&perks=1478423395,409831596,2284787283,3194351027
dimwishlist:item=4021098353&perks=1478423395,3301904089,3300816228,2888557110
dimwishlist:item=4021098353&perks=1478423395,3301904089,3300816228,3194351027
dimwishlist:item=4021098353&perks=1478423395,3301904089,2284787283,2888557110
dimwishlist:item=4021098353&perks=1478423395,3301904089,2284787283,3194351027
dimwishlist:item=4021098353&perks=1478423395,3032599245,3300816228,2888557110
dimwishlist:item=4021098353&perks=1478423395,3032599245,3300816228,3194351027
dimwishlist:item=4021098353&perks=1478423395,3032599245,2284787283,2888557110
dimwishlist:item=4021098353&perks=1478423395,3032599245,2284787283,3194351027
dimwishlist:item=4021098353&perks=1844523823,409831596,3300816228,2888557110
dimwishlist:item=4021098353&perks=1844523823,409831596,3300816228,3194351027
dimwishlist:item=4021098353&perks=1844523823,409831596,2284787283,2888557110
dimwishlist:item=4021098353&perks=1844523823,409831596,2284787283,3194351027
dimwishlist:item=4021098353&perks=1844523823,3301904089,3300816228,2888557110
dimwishlist:item=4021098353&perks=1844523823,3301904089,3300816228,3194351027
dimwishlist:item=4021098353&perks=1844523823,3301904089,2284787283,2888557110
dimwishlist:item=4021098353&perks=1844523823,3301904089,2284787283,3194351027
dimwishlist:item=4021098353&perks=1844523823,3032599245,3300816228,2888557110
dimwishlist:item=4021098353&perks=1844523823,3032599245,3300816228,3194351027
dimwishlist:item=4021098353&perks=1844523823,3032599245,2284787283,2888557110
dimwishlist:item=4021098353&perks=1844523823,3032599245,2284787283,3194351027
dimwishlist:item=4021098353&perks=1441682018,409831596,3300816228,2888557110
dimwishlist:item=4021098353&perks=1441682018,409831596,3300816228,3194351027
dimwishlist:item=4021098353&perks=1441682018,409831596,2284787283,2888557110
dimwishlist:item=4021098353&perks=1441682018,409831596,2284787283,3194351027
dimwishlist:item=4021098353&perks=1441682018,3301904089,3300816228,2888557110
dimwishlist:item=4021098353&perks=1441682018,3301904089,3300816228,3194351027
dimwishlist:item=4021098353&perks=1441682018,3301904089,2284787283,2888557110
dimwishlist:item=4021098353&perks=1441682018,3301904089,2284787283,3194351027
dimwishlist:item=4021098353&perks=1441682018,3032599245,3300816228,2888557110
dimwishlist:item=4021098353&perks=1441682018,3032599245,3300816228,3194351027
dimwishlist:item=4021098353&perks=1441682018,3032599245,2284787283,2888557110
dimwishlist:item=4021098353&perks=1441682018,3032599245,2284787283,3194351027
dimwishlist:item=4021098353&perks=3525010810,409831596,3300816228,2888557110
dimwishlist:item=4021098353&perks=3525010810,409831596,3300816228,3194351027
dimwishlist:item=4021098353&perks=3525010810,409831596,2284787283,2888557110
dimwishlist:item=4021098353&perks=3525010810,409831596,2284787283,3194351027
dimwishlist:item=4021098353&perks=3525010810,3301904089,3300816228,2888557110
dimwishlist:item=4021098353&perks=3525010810,3301904089,3300816228,3194351027
dimwishlist:item=4021098353&perks=3525010810,3301904089,2284787283,2888557110
dimwishlist:item=4021098353&perks=3525010810,3301904089,2284787283,3194351027
dimwishlist:item=4021098353&perks=3525010810,3032599245,3300816228,2888557110
dimwishlist:item=4021098353&perks=3525010810,3032599245,3300816228,3194351027
dimwishlist:item=4021098353&perks=3525010810,3032599245,2284787283,2888557110
dimwishlist:item=4021098353&perks=3525010810,3032599245,2284787283,3194351027
dimwishlist:item=4021098353&perks=3798852852,409831596,3300816228,2888557110
dimwishlist:item=4021098353&perks=3798852852,409831596,3300816228,3194351027
dimwishlist:item=4021098353&perks=3798852852,409831596,2284787283,2888557110
dimwishlist:item=4021098353&perks=3798852852,409831596,2284787283,3194351027
dimwishlist:item=4021098353&perks=3798852852,3301904089,3300816228,2888557110
dimwishlist:item=4021098353&perks=3798852852,3301904089,3300816228,3194351027
dimwishlist:item=4021098353&perks=3798852852,3301904089,2284787283,2888557110
dimwishlist:item=4021098353&perks=3798852852,3301904089,2284787283,3194351027
dimwishlist:item=4021098353&perks=3798852852,3032599245,3300816228,2888557110
dimwishlist:item=4021098353&perks=3798852852,3032599245,3300816228,3194351027
dimwishlist:item=4021098353&perks=3798852852,3032599245,2284787283,2888557110
dimwishlist:item=4021098353&perks=3798852852,3032599245,2284787283,3194351027


// Uzume RR4 - 天钿RR4 (pve)
//notes: 虽然能抱着输出，但竞争不过那几把速射狙，不如选个解构对构造体特化。 tags:pve
dimwishlist:item=4037675261&perks=839105230,1087426260,1354429876,555281244
dimwishlist:item=4037675261&perks=839105230,1087426260,1354429876,3993379141
dimwishlist:item=4037675261&perks=839105230,1087426260,2284787283,555281244
dimwishlist:item=4037675261&perks=839105230,1087426260,2284787283,3993379141
dimwishlist:item=4037675261&perks=839105230,1087426260,1556840489,555281244
dimwishlist:item=4037675261&perks=839105230,1087426260,1556840489,3993379141
dimwishlist:item=4037675261&perks=839105230,106909392,1354429876,555281244
dimwishlist:item=4037675261&perks=839105230,106909392,1354429876,3993379141
dimwishlist:item=4037675261&perks=839105230,106909392,2284787283,555281244
dimwishlist:item=4037675261&perks=839105230,106909392,2284787283,3993379141
dimwishlist:item=4037675261&perks=839105230,106909392,1556840489,555281244
dimwishlist:item=4037675261&perks=839105230,106909392,1556840489,3993379141
dimwishlist:item=4037675261&perks=839105230,3230963543,1354429876,555281244
dimwishlist:item=4037675261&perks=839105230,3230963543,1354429876,3993379141
dimwishlist:item=4037675261&perks=839105230,3230963543,2284787283,555281244
dimwishlist:item=4037675261&perks=839105230,3230963543,2284787283,3993379141
dimwishlist:item=4037675261&perks=839105230,3230963543,1556840489,555281244
dimwishlist:item=4037675261&perks=839105230,3230963543,1556840489,3993379141
dimwishlist:item=4037675261&perks=839105230,791862061,1354429876,555281244
dimwishlist:item=4037675261&perks=839105230,791862061,1354429876,3993379141
dimwishlist:item=4037675261&perks=839105230,791862061,2284787283,555281244
dimwishlist:item=4037675261&perks=839105230,791862061,2284787283,3993379141
dimwishlist:item=4037675261&perks=839105230,791862061,1556840489,555281244
dimwishlist:item=4037675261&perks=839105230,791862061,1556840489,3993379141
dimwishlist:item=4037675261&perks=4090651448,1087426260,1354429876,555281244
dimwishlist:item=4037675261&perks=4090651448,1087426260,1354429876,3993379141
dimwishlist:item=4037675261&perks=4090651448,1087426260,2284787283,555281244
dimwishlist:item=4037675261&perks=4090651448,1087426260,2284787283,3993379141
dimwishlist:item=4037675261&perks=4090651448,1087426260,1556840489,555281244
dimwishlist:item=4037675261&perks=4090651448,1087426260,1556840489,3993379141
dimwishlist:item=4037675261&perks=4090651448,106909392,1354429876,555281244
dimwishlist:item=4037675261&perks=4090651448,106909392,1354429876,3993379141
dimwishlist:item=4037675261&perks=4090651448,106909392,2284787283,555281244
dimwishlist:item=4037675261&perks=4090651448,106909392,2284787283,3993379141
dimwishlist:item=4037675261&perks=4090651448,106909392,1556840489,555281244
dimwishlist:item=4037675261&perks=4090651448,106909392,1556840489,3993379141
dimwishlist:item=4037675261&perks=4090651448,3230963543,1354429876,555281244
dimwishlist:item=4037675261&perks=4090651448,3230963543,1354429876,3993379141
dimwishlist:item=4037675261&perks=4090651448,3230963543,2284787283,555281244
dimwishlist:item=4037675261&perks=4090651448,3230963543,2284787283,3993379141
dimwishlist:item=4037675261&perks=4090651448,3230963543,1556840489,555281244
dimwishlist:item=4037675261&perks=4090651448,3230963543,1556840489,3993379141
dimwishlist:item=4037675261&perks=4090651448,791862061,1354429876,555281244
dimwishlist:item=4037675261&perks=4090651448,791862061,1354429876,3993379141
dimwishlist:item=4037675261&perks=4090651448,791862061,2284787283,555281244
dimwishlist:item=4037675261&perks=4090651448,791862061,2284787283,3993379141
dimwishlist:item=4037675261&perks=4090651448,791862061,1556840489,555281244
dimwishlist:item=4037675261&perks=4090651448,791862061,1556840489,3993379141
dimwishlist:item=4037675261&perks=1840239774,1087426260,1354429876,555281244
dimwishlist:item=4037675261&perks=1840239774,1087426260,1354429876,3993379141
dimwishlist:item=4037675261&perks=1840239774,1087426260,2284787283,555281244
dimwishlist:item=4037675261&perks=1840239774,1087426260,2284787283,3993379141
dimwishlist:item=4037675261&perks=1840239774,1087426260,1556840489,555281244
dimwishlist:item=4037675261&perks=1840239774,1087426260,1556840489,3993379141
dimwishlist:item=4037675261&perks=1840239774,106909392,1354429876,555281244
dimwishlist:item=4037675261&perks=1840239774,106909392,1354429876,3993379141
dimwishlist:item=4037675261&perks=1840239774,106909392,2284787283,555281244
dimwishlist:item=4037675261&perks=1840239774,106909392,2284787283,3993379141
dimwishlist:item=4037675261&perks=1840239774,106909392,1556840489,555281244
dimwishlist:item=4037675261&perks=1840239774,106909392,1556840489,3993379141
dimwishlist:item=4037675261&perks=1840239774,3230963543,1354429876,555281244
dimwishlist:item=4037675261&perks=1840239774,3230963543,1354429876,3993379141
dimwishlist:item=4037675261&perks=1840239774,3230963543,2284787283,555281244
dimwishlist:item=4037675261&perks=1840239774,3230963543,2284787283,3993379141
dimwishlist:item=4037675261&perks=1840239774,3230963543,1556840489,555281244
dimwishlist:item=4037675261&perks=1840239774,3230963543,1556840489,3993379141
dimwishlist:item=4037675261&perks=1840239774,791862061,1354429876,555281244
dimwishlist:item=4037675261&perks=1840239774,791862061,1354429876,3993379141
dimwishlist:item=4037675261&perks=1840239774,791862061,2284787283,555281244
dimwishlist:item=4037675261&perks=1840239774,791862061,2284787283,3993379141
dimwishlist:item=4037675261&perks=1840239774,791862061,1556840489,555281244
dimwishlist:item=4037675261&perks=1840239774,791862061,1556840489,3993379141


// Outrageous Fortune - 时运无常 (pve)
//notes: 能上桌的火榴弹，perk池尚可，符合新时代榴弹强度，三切使用，正好跟大犬座用途错开。 tags:pve
dimwishlist:item=4146673634&perks=1478423395,3301904089,3987942396,2888557110
dimwishlist:item=4146673634&perks=1478423395,3301904089,3987942396,3078487919
dimwishlist:item=4146673634&perks=1478423395,3301904089,3987942396,3194351027
dimwishlist:item=4146673634&perks=1478423395,409831596,3987942396,2888557110
dimwishlist:item=4146673634&perks=1478423395,409831596,3987942396,3078487919
dimwishlist:item=4146673634&perks=1478423395,409831596,3987942396,3194351027
dimwishlist:item=4146673634&perks=1478423395,2822142346,3987942396,2888557110
dimwishlist:item=4146673634&perks=1478423395,2822142346,3987942396,3078487919
dimwishlist:item=4146673634&perks=1478423395,2822142346,3987942396,3194351027
dimwishlist:item=4146673634&perks=3525010810,3301904089,3987942396,2888557110
dimwishlist:item=4146673634&perks=3525010810,3301904089,3987942396,3078487919
dimwishlist:item=4146673634&perks=3525010810,3301904089,3987942396,3194351027
dimwishlist:item=4146673634&perks=3525010810,409831596,3987942396,2888557110
dimwishlist:item=4146673634&perks=3525010810,409831596,3987942396,3078487919
dimwishlist:item=4146673634&perks=3525010810,409831596,3987942396,3194351027
dimwishlist:item=4146673634&perks=3525010810,2822142346,3987942396,2888557110
dimwishlist:item=4146673634&perks=3525010810,2822142346,3987942396,3078487919
dimwishlist:item=4146673634&perks=3525010810,2822142346,3987942396,3194351027
dimwishlist:item=4146673634&perks=3798852852,3301904089,3987942396,2888557110
dimwishlist:item=4146673634&perks=3798852852,3301904089,3987942396,3078487919
dimwishlist:item=4146673634&perks=3798852852,3301904089,3987942396,3194351027
dimwishlist:item=4146673634&perks=3798852852,409831596,3987942396,2888557110
dimwishlist:item=4146673634&perks=3798852852,409831596,3987942396,3078487919
dimwishlist:item=4146673634&perks=3798852852,409831596,3987942396,3194351027
dimwishlist:item=4146673634&perks=3798852852,2822142346,3987942396,2888557110
dimwishlist:item=4146673634&perks=3798852852,2822142346,3987942396,3078487919
dimwishlist:item=4146673634&perks=3798852852,2822142346,3987942396,3194351027


// Buzzard - 秃鹰 (pve)
//notes: 动能震颤去破勇士屏障 tags:pve
dimwishlist:item=4237970862&perks=839105230,2420895100,3643424744,3891536761
dimwishlist:item=4237970862&perks=839105230,2420895100,3643424744,4104185692
dimwishlist:item=4237970862&perks=839105230,2420895100,1354429876,3891536761
dimwishlist:item=4237970862&perks=839105230,2420895100,1354429876,4104185692
dimwishlist:item=4237970862&perks=839105230,1087426260,3643424744,3891536761
dimwishlist:item=4237970862&perks=839105230,1087426260,3643424744,4104185692
dimwishlist:item=4237970862&perks=839105230,1087426260,1354429876,3891536761
dimwishlist:item=4237970862&perks=839105230,1087426260,1354429876,4104185692
dimwishlist:item=4237970862&perks=839105230,106909392,3643424744,3891536761
dimwishlist:item=4237970862&perks=839105230,106909392,3643424744,4104185692
dimwishlist:item=4237970862&perks=839105230,106909392,1354429876,3891536761
dimwishlist:item=4237970862&perks=839105230,106909392,1354429876,4104185692
dimwishlist:item=4237970862&perks=839105230,3230963543,3643424744,3891536761
dimwishlist:item=4237970862&perks=839105230,3230963543,3643424744,4104185692
dimwishlist:item=4237970862&perks=839105230,3230963543,1354429876,3891536761
dimwishlist:item=4237970862&perks=839105230,3230963543,1354429876,4104185692
dimwishlist:item=4237970862&perks=4090651448,2420895100,3643424744,3891536761
dimwishlist:item=4237970862&perks=4090651448,2420895100,3643424744,4104185692
dimwishlist:item=4237970862&perks=4090651448,2420895100,1354429876,3891536761
dimwishlist:item=4237970862&perks=4090651448,2420895100,1354429876,4104185692
dimwishlist:item=4237970862&perks=4090651448,1087426260,3643424744,3891536761
dimwishlist:item=4237970862&perks=4090651448,1087426260,3643424744,4104185692
dimwishlist:item=4237970862&perks=4090651448,1087426260,1354429876,3891536761
dimwishlist:item=4237970862&perks=4090651448,1087426260,1354429876,4104185692
dimwishlist:item=4237970862&perks=4090651448,106909392,3643424744,3891536761
dimwishlist:item=4237970862&perks=4090651448,106909392,3643424744,4104185692
dimwishlist:item=4237970862&perks=4090651448,106909392,1354429876,3891536761
dimwishlist:item=4237970862&perks=4090651448,106909392,1354429876,4104185692
dimwishlist:item=4237970862&perks=4090651448,3230963543,3643424744,3891536761
dimwishlist:item=4237970862&perks=4090651448,3230963543,3643424744,4104185692
dimwishlist:item=4237970862&perks=4090651448,3230963543,1354429876,3891536761
dimwishlist:item=4237970862&perks=4090651448,3230963543,1354429876,4104185692
dimwishlist:item=4237970862&perks=1840239774,2420895100,3643424744,3891536761
dimwishlist:item=4237970862&perks=1840239774,2420895100,3643424744,4104185692
dimwishlist:item=4237970862&perks=1840239774,2420895100,1354429876,3891536761
dimwishlist:item=4237970862&perks=1840239774,2420895100,1354429876,4104185692
dimwishlist:item=4237970862&perks=1840239774,1087426260,3643424744,3891536761
dimwishlist:item=4237970862&perks=1840239774,1087426260,3643424744,4104185692
dimwishlist:item=4237970862&perks=1840239774,1087426260,1354429876,3891536761
dimwishlist:item=4237970862&perks=1840239774,1087426260,1354429876,4104185692
dimwishlist:item=4237970862&perks=1840239774,106909392,3643424744,3891536761
dimwishlist:item=4237970862&perks=1840239774,106909392,3643424744,4104185692
dimwishlist:item=4237970862&perks=1840239774,106909392,1354429876,3891536761
dimwishlist:item=4237970862&perks=1840239774,106909392,1354429876,4104185692
dimwishlist:item=4237970862&perks=1840239774,3230963543,3643424744,3891536761
dimwishlist:item=4237970862&perks=1840239774,3230963543,3643424744,4104185692
dimwishlist:item=4237970862&perks=1840239774,3230963543,1354429876,3891536761
dimwishlist:item=4237970862&perks=1840239774,3230963543,1354429876,4104185692


