title:PVE列表-单人行动

// Veles-X - 溪谷-X (pve)
//notes: tags:pve
dimwishlist:item=438540299&perks=839105230,3230963543,776531651,2048641572
dimwishlist:item=438540299&perks=839105230,3230963543,776531651,1134488199
dimwishlist:item=438540299&perks=839105230,3230963543,776531651,3824105627
dimwishlist:item=438540299&perks=839105230,3230963543,1464081238,2048641572
dimwishlist:item=438540299&perks=839105230,3230963543,1464081238,1134488199
dimwishlist:item=438540299&perks=839105230,3230963543,1464081238,3824105627
dimwishlist:item=438540299&perks=839105230,106909392,776531651,2048641572
dimwishlist:item=438540299&perks=839105230,106909392,776531651,1134488199
dimwishlist:item=438540299&perks=839105230,106909392,776531651,3824105627
dimwishlist:item=438540299&perks=839105230,106909392,1464081238,2048641572
dimwishlist:item=438540299&perks=839105230,106909392,1464081238,1134488199
dimwishlist:item=438540299&perks=839105230,106909392,1464081238,3824105627
dimwishlist:item=438540299&perks=4090651448,3230963543,776531651,2048641572
dimwishlist:item=438540299&perks=4090651448,3230963543,776531651,1134488199
dimwishlist:item=438540299&perks=4090651448,3230963543,776531651,3824105627
dimwishlist:item=438540299&perks=4090651448,3230963543,1464081238,2048641572
dimwishlist:item=438540299&perks=4090651448,3230963543,1464081238,1134488199
dimwishlist:item=438540299&perks=4090651448,3230963543,1464081238,3824105627
dimwishlist:item=438540299&perks=4090651448,106909392,776531651,2048641572
dimwishlist:item=438540299&perks=4090651448,106909392,776531651,1134488199
dimwishlist:item=438540299&perks=4090651448,106909392,776531651,3824105627
dimwishlist:item=438540299&perks=4090651448,106909392,1464081238,2048641572
dimwishlist:item=438540299&perks=4090651448,106909392,1464081238,1134488199
dimwishlist:item=438540299&perks=4090651448,106909392,1464081238,3824105627
dimwishlist:item=438540299&perks=1840239774,3230963543,776531651,2048641572
dimwishlist:item=438540299&perks=1840239774,3230963543,776531651,1134488199
dimwishlist:item=438540299&perks=1840239774,3230963543,776531651,3824105627
dimwishlist:item=438540299&perks=1840239774,3230963543,1464081238,2048641572
dimwishlist:item=438540299&perks=1840239774,3230963543,1464081238,1134488199
dimwishlist:item=438540299&perks=1840239774,3230963543,1464081238,3824105627
dimwishlist:item=438540299&perks=1840239774,106909392,776531651,2048641572
dimwishlist:item=438540299&perks=1840239774,106909392,776531651,1134488199
dimwishlist:item=438540299&perks=1840239774,106909392,776531651,3824105627
dimwishlist:item=438540299&perks=1840239774,106909392,1464081238,2048641572
dimwishlist:item=438540299&perks=1840239774,106909392,1464081238,1134488199
dimwishlist:item=438540299&perks=1840239774,106909392,1464081238,3824105627


// Cry Mutiny - 叛乱疾呼 (pve)
//notes: 三号位续航拉完了，一个盗墓者一个爆破专家，就靠着手雷和充能近战换弹，不具有通用性，不如带个危险区域腹背受敌在怪堆里自爆破屏障。 tags:pve
dimwishlist:item=768696858&perks=1478423395,3301904089,960810156,3764420437
dimwishlist:item=768696858&perks=1478423395,3301904089,960810156,2888557110
dimwishlist:item=768696858&perks=1478423395,3301904089,960810156,3708227201
dimwishlist:item=768696858&perks=1478423395,3301904089,1631667848,3764420437
dimwishlist:item=768696858&perks=1478423395,3301904089,1631667848,2888557110
dimwishlist:item=768696858&perks=1478423395,3301904089,1631667848,3708227201
dimwishlist:item=768696858&perks=1478423395,3301904089,3523296417,3764420437
dimwishlist:item=768696858&perks=1478423395,3301904089,3523296417,2888557110
dimwishlist:item=768696858&perks=1478423395,3301904089,3523296417,3708227201
dimwishlist:item=768696858&perks=1478423395,409831596,960810156,3764420437
dimwishlist:item=768696858&perks=1478423395,409831596,960810156,2888557110
dimwishlist:item=768696858&perks=1478423395,409831596,960810156,3708227201
dimwishlist:item=768696858&perks=1478423395,409831596,1631667848,3764420437
dimwishlist:item=768696858&perks=1478423395,409831596,1631667848,2888557110
dimwishlist:item=768696858&perks=1478423395,409831596,1631667848,3708227201
dimwishlist:item=768696858&perks=1478423395,409831596,3523296417,3764420437
dimwishlist:item=768696858&perks=1478423395,409831596,3523296417,2888557110
dimwishlist:item=768696858&perks=1478423395,409831596,3523296417,3708227201
dimwishlist:item=768696858&perks=1478423395,2822142346,960810156,3764420437
dimwishlist:item=768696858&perks=1478423395,2822142346,960810156,2888557110
dimwishlist:item=768696858&perks=1478423395,2822142346,960810156,3708227201
dimwishlist:item=768696858&perks=1478423395,2822142346,1631667848,3764420437
dimwishlist:item=768696858&perks=1478423395,2822142346,1631667848,2888557110
dimwishlist:item=768696858&perks=1478423395,2822142346,1631667848,3708227201
dimwishlist:item=768696858&perks=1478423395,2822142346,3523296417,3764420437
dimwishlist:item=768696858&perks=1478423395,2822142346,3523296417,2888557110
dimwishlist:item=768696858&perks=1478423395,2822142346,3523296417,3708227201
dimwishlist:item=768696858&perks=1441682018,3301904089,960810156,3764420437
dimwishlist:item=768696858&perks=1441682018,3301904089,960810156,2888557110
dimwishlist:item=768696858&perks=1441682018,3301904089,960810156,3708227201
dimwishlist:item=768696858&perks=1441682018,3301904089,1631667848,3764420437
dimwishlist:item=768696858&perks=1441682018,3301904089,1631667848,2888557110
dimwishlist:item=768696858&perks=1441682018,3301904089,1631667848,3708227201
dimwishlist:item=768696858&perks=1441682018,3301904089,3523296417,3764420437
dimwishlist:item=768696858&perks=1441682018,3301904089,3523296417,2888557110
dimwishlist:item=768696858&perks=1441682018,3301904089,3523296417,3708227201
dimwishlist:item=768696858&perks=1441682018,409831596,960810156,3764420437
dimwishlist:item=768696858&perks=1441682018,409831596,960810156,2888557110
dimwishlist:item=768696858&perks=1441682018,409831596,960810156,3708227201
dimwishlist:item=768696858&perks=1441682018,409831596,1631667848,3764420437
dimwishlist:item=768696858&perks=1441682018,409831596,1631667848,2888557110
dimwishlist:item=768696858&perks=1441682018,409831596,1631667848,3708227201
dimwishlist:item=768696858&perks=1441682018,409831596,3523296417,3764420437
dimwishlist:item=768696858&perks=1441682018,409831596,3523296417,2888557110
dimwishlist:item=768696858&perks=1441682018,409831596,3523296417,3708227201
dimwishlist:item=768696858&perks=1441682018,2822142346,960810156,3764420437
dimwishlist:item=768696858&perks=1441682018,2822142346,960810156,2888557110
dimwishlist:item=768696858&perks=1441682018,2822142346,960810156,3708227201
dimwishlist:item=768696858&perks=1441682018,2822142346,1631667848,3764420437
dimwishlist:item=768696858&perks=1441682018,2822142346,1631667848,2888557110
dimwishlist:item=768696858&perks=1441682018,2822142346,1631667848,3708227201
dimwishlist:item=768696858&perks=1441682018,2822142346,3523296417,3764420437
dimwishlist:item=768696858&perks=1441682018,2822142346,3523296417,2888557110
dimwishlist:item=768696858&perks=1441682018,2822142346,3523296417,3708227201
dimwishlist:item=768696858&perks=3525010810,3301904089,960810156,3764420437
dimwishlist:item=768696858&perks=3525010810,3301904089,960810156,2888557110
dimwishlist:item=768696858&perks=3525010810,3301904089,960810156,3708227201
dimwishlist:item=768696858&perks=3525010810,3301904089,1631667848,3764420437
dimwishlist:item=768696858&perks=3525010810,3301904089,1631667848,2888557110
dimwishlist:item=768696858&perks=3525010810,3301904089,1631667848,3708227201
dimwishlist:item=768696858&perks=3525010810,3301904089,3523296417,3764420437
dimwishlist:item=768696858&perks=3525010810,3301904089,3523296417,2888557110
dimwishlist:item=768696858&perks=3525010810,3301904089,3523296417,3708227201
dimwishlist:item=768696858&perks=3525010810,409831596,960810156,3764420437
dimwishlist:item=768696858&perks=3525010810,409831596,960810156,2888557110
dimwishlist:item=768696858&perks=3525010810,409831596,960810156,3708227201
dimwishlist:item=768696858&perks=3525010810,409831596,1631667848,3764420437
dimwishlist:item=768696858&perks=3525010810,409831596,1631667848,2888557110
dimwishlist:item=768696858&perks=3525010810,409831596,1631667848,3708227201
dimwishlist:item=768696858&perks=3525010810,409831596,3523296417,3764420437
dimwishlist:item=768696858&perks=3525010810,409831596,3523296417,2888557110
dimwishlist:item=768696858&perks=3525010810,409831596,3523296417,3708227201
dimwishlist:item=768696858&perks=3525010810,2822142346,960810156,3764420437
dimwishlist:item=768696858&perks=3525010810,2822142346,960810156,2888557110
dimwishlist:item=768696858&perks=3525010810,2822142346,960810156,3708227201
dimwishlist:item=768696858&perks=3525010810,2822142346,1631667848,3764420437
dimwishlist:item=768696858&perks=3525010810,2822142346,1631667848,2888557110
dimwishlist:item=768696858&perks=3525010810,2822142346,1631667848,3708227201
dimwishlist:item=768696858&perks=3525010810,2822142346,3523296417,3764420437
dimwishlist:item=768696858&perks=3525010810,2822142346,3523296417,2888557110
dimwishlist:item=768696858&perks=3525010810,2822142346,3523296417,3708227201
dimwishlist:item=768696858&perks=3798852852,3301904089,960810156,3764420437
dimwishlist:item=768696858&perks=3798852852,3301904089,960810156,2888557110
dimwishlist:item=768696858&perks=3798852852,3301904089,960810156,3708227201
dimwishlist:item=768696858&perks=3798852852,3301904089,1631667848,3764420437
dimwishlist:item=768696858&perks=3798852852,3301904089,1631667848,2888557110
dimwishlist:item=768696858&perks=3798852852,3301904089,1631667848,3708227201
dimwishlist:item=768696858&perks=3798852852,3301904089,3523296417,3764420437
dimwishlist:item=768696858&perks=3798852852,3301904089,3523296417,2888557110
dimwishlist:item=768696858&perks=3798852852,3301904089,3523296417,3708227201
dimwishlist:item=768696858&perks=3798852852,409831596,960810156,3764420437
dimwishlist:item=768696858&perks=3798852852,409831596,960810156,2888557110
dimwishlist:item=768696858&perks=3798852852,409831596,960810156,3708227201
dimwishlist:item=768696858&perks=3798852852,409831596,1631667848,3764420437
dimwishlist:item=768696858&perks=3798852852,409831596,1631667848,2888557110
dimwishlist:item=768696858&perks=3798852852,409831596,1631667848,3708227201
dimwishlist:item=768696858&perks=3798852852,409831596,3523296417,3764420437
dimwishlist:item=768696858&perks=3798852852,409831596,3523296417,2888557110
dimwishlist:item=768696858&perks=3798852852,409831596,3523296417,3708227201
dimwishlist:item=768696858&perks=3798852852,2822142346,960810156,3764420437
dimwishlist:item=768696858&perks=3798852852,2822142346,960810156,2888557110
dimwishlist:item=768696858&perks=3798852852,2822142346,960810156,3708227201
dimwishlist:item=768696858&perks=3798852852,2822142346,1631667848,3764420437
dimwishlist:item=768696858&perks=3798852852,2822142346,1631667848,2888557110
dimwishlist:item=768696858&perks=3798852852,2822142346,1631667848,3708227201
dimwishlist:item=768696858&perks=3798852852,2822142346,3523296417,3764420437
dimwishlist:item=768696858&perks=3798852852,2822142346,3523296417,2888557110
dimwishlist:item=768696858&perks=3798852852,2822142346,3523296417,3708227201


// Chivalric Fire - 骑士之火 (pve)
//notes: 除了远程产球以外，偏玩具。 tags:pve
dimwishlist:item=938936806&perks=3526486541,2030760728
dimwishlist:item=938936806&perks=3526486541,2244851822
dimwishlist:item=938936806&perks=3526486541,2077819806
dimwishlist:item=938936806&perks=3526486541,243981275


// Malediction - 恶咒 (pve)
//notes: tags:pve
dimwishlist:item=979721268&perks=839105230,106909392,3700496672,3038247973
dimwishlist:item=979721268&perks=839105230,3230963543,3700496672,3038247973
dimwishlist:item=979721268&perks=4090651448,106909392,3700496672,3038247973
dimwishlist:item=979721268&perks=4090651448,3230963543,3700496672,3038247973
dimwishlist:item=979721268&perks=1840239774,106909392,3700496672,3038247973
dimwishlist:item=979721268&perks=1840239774,3230963543,3700496672,3038247973


// Ascendancy - 权势 (god-pve)
//notes: 常规精密筒子，跟别的一样，终极以下双脚架能破屏障，终极需要爆炸光能。持久印象比较整活，收割者算是增伤里最高的一个，但需要叠导致弹药经济会更低，破屏障也不需要这么高的增伤幅度，还是偏输出用。日常爆炸光能就行。 tags:god-pve
dimwishlist:item=1713388226&perks=1478423395,2822142346,1523832109,3194351027
dimwishlist:item=1713388226&perks=1478423395,2822142346,1523832109,1439600632
dimwishlist:item=1713388226&perks=1478423395,2822142346,1523832109,113508675
dimwishlist:item=1713388226&perks=1478423395,2822142346,2039302152,3194351027
dimwishlist:item=1713388226&perks=1478423395,2822142346,2039302152,1439600632
dimwishlist:item=1713388226&perks=1478423395,2822142346,2039302152,113508675
dimwishlist:item=1713388226&perks=1478423395,2822142346,951095735,3194351027
dimwishlist:item=1713388226&perks=1478423395,2822142346,951095735,1439600632
dimwishlist:item=1713388226&perks=1478423395,2822142346,951095735,113508675
dimwishlist:item=1713388226&perks=1478423395,3796465595,1523832109,3194351027
dimwishlist:item=1713388226&perks=1478423395,3796465595,1523832109,1439600632
dimwishlist:item=1713388226&perks=1478423395,3796465595,1523832109,113508675
dimwishlist:item=1713388226&perks=1478423395,3796465595,2039302152,3194351027
dimwishlist:item=1713388226&perks=1478423395,3796465595,2039302152,1439600632
dimwishlist:item=1713388226&perks=1478423395,3796465595,2039302152,113508675
dimwishlist:item=1713388226&perks=1478423395,3796465595,951095735,3194351027
dimwishlist:item=1713388226&perks=1478423395,3796465595,951095735,1439600632
dimwishlist:item=1713388226&perks=1478423395,3796465595,951095735,113508675
dimwishlist:item=1713388226&perks=1441682018,2822142346,1523832109,3194351027
dimwishlist:item=1713388226&perks=1441682018,2822142346,1523832109,1439600632
dimwishlist:item=1713388226&perks=1441682018,2822142346,1523832109,113508675
dimwishlist:item=1713388226&perks=1441682018,2822142346,2039302152,3194351027
dimwishlist:item=1713388226&perks=1441682018,2822142346,2039302152,1439600632
dimwishlist:item=1713388226&perks=1441682018,2822142346,2039302152,113508675
dimwishlist:item=1713388226&perks=1441682018,2822142346,951095735,3194351027
dimwishlist:item=1713388226&perks=1441682018,2822142346,951095735,1439600632
dimwishlist:item=1713388226&perks=1441682018,2822142346,951095735,113508675
dimwishlist:item=1713388226&perks=1441682018,3796465595,1523832109,3194351027
dimwishlist:item=1713388226&perks=1441682018,3796465595,1523832109,1439600632
dimwishlist:item=1713388226&perks=1441682018,3796465595,1523832109,113508675
dimwishlist:item=1713388226&perks=1441682018,3796465595,2039302152,3194351027
dimwishlist:item=1713388226&perks=1441682018,3796465595,2039302152,1439600632
dimwishlist:item=1713388226&perks=1441682018,3796465595,2039302152,113508675
dimwishlist:item=1713388226&perks=1441682018,3796465595,951095735,3194351027
dimwishlist:item=1713388226&perks=1441682018,3796465595,951095735,1439600632
dimwishlist:item=1713388226&perks=1441682018,3796465595,951095735,113508675
dimwishlist:item=1713388226&perks=3525010810,2822142346,1523832109,3194351027
dimwishlist:item=1713388226&perks=3525010810,2822142346,1523832109,1439600632
dimwishlist:item=1713388226&perks=3525010810,2822142346,1523832109,113508675
dimwishlist:item=1713388226&perks=3525010810,2822142346,2039302152,3194351027
dimwishlist:item=1713388226&perks=3525010810,2822142346,2039302152,1439600632
dimwishlist:item=1713388226&perks=3525010810,2822142346,2039302152,113508675
dimwishlist:item=1713388226&perks=3525010810,2822142346,951095735,3194351027
dimwishlist:item=1713388226&perks=3525010810,2822142346,951095735,1439600632
dimwishlist:item=1713388226&perks=3525010810,2822142346,951095735,113508675
dimwishlist:item=1713388226&perks=3525010810,3796465595,1523832109,3194351027
dimwishlist:item=1713388226&perks=3525010810,3796465595,1523832109,1439600632
dimwishlist:item=1713388226&perks=3525010810,3796465595,1523832109,113508675
dimwishlist:item=1713388226&perks=3525010810,3796465595,2039302152,3194351027
dimwishlist:item=1713388226&perks=3525010810,3796465595,2039302152,1439600632
dimwishlist:item=1713388226&perks=3525010810,3796465595,2039302152,113508675
dimwishlist:item=1713388226&perks=3525010810,3796465595,951095735,3194351027
dimwishlist:item=1713388226&perks=3525010810,3796465595,951095735,1439600632
dimwishlist:item=1713388226&perks=3525010810,3796465595,951095735,113508675
dimwishlist:item=1713388226&perks=3798852852,2822142346,1523832109,3194351027
dimwishlist:item=1713388226&perks=3798852852,2822142346,1523832109,1439600632
dimwishlist:item=1713388226&perks=3798852852,2822142346,1523832109,113508675
dimwishlist:item=1713388226&perks=3798852852,2822142346,2039302152,3194351027
dimwishlist:item=1713388226&perks=3798852852,2822142346,2039302152,1439600632
dimwishlist:item=1713388226&perks=3798852852,2822142346,2039302152,113508675
dimwishlist:item=1713388226&perks=3798852852,2822142346,951095735,3194351027
dimwishlist:item=1713388226&perks=3798852852,2822142346,951095735,1439600632
dimwishlist:item=1713388226&perks=3798852852,2822142346,951095735,113508675
dimwishlist:item=1713388226&perks=3798852852,3796465595,1523832109,3194351027
dimwishlist:item=1713388226&perks=3798852852,3796465595,1523832109,1439600632
dimwishlist:item=1713388226&perks=3798852852,3796465595,1523832109,113508675
dimwishlist:item=1713388226&perks=3798852852,3796465595,2039302152,3194351027
dimwishlist:item=1713388226&perks=3798852852,3796465595,2039302152,1439600632
dimwishlist:item=1713388226&perks=3798852852,3796465595,2039302152,113508675
dimwishlist:item=1713388226&perks=3798852852,3796465595,951095735,3194351027
dimwishlist:item=1713388226&perks=3798852852,3796465595,951095735,1439600632
dimwishlist:item=1713388226&perks=3798852852,3796465595,951095735,113508675


// Chain of Command - 指挥链 (god-pve)
//notes: 破屏障专业/常规清怪机枪。覆盖护盾克星+适配弹药对屏障极致增伤，为该枪特色。其余perk可以作为常规清怪冰机枪使用。 tags:god-pve
dimwishlist:item=1716620044&perks=839105230,1087426260,1870851715,1048183818
dimwishlist:item=1716620044&perks=839105230,1087426260,1870851715,557221067
dimwishlist:item=1716620044&perks=839105230,1087426260,1870851715,657025441
dimwishlist:item=1716620044&perks=839105230,1087426260,1870851715,3523296417
dimwishlist:item=1716620044&perks=839105230,1087426260,1820235745,1048183818
dimwishlist:item=1716620044&perks=839105230,1087426260,1820235745,557221067
dimwishlist:item=1716620044&perks=839105230,1087426260,1820235745,657025441
dimwishlist:item=1716620044&perks=839105230,1087426260,1820235745,3523296417
dimwishlist:item=1716620044&perks=839105230,1087426260,3643424744,1048183818
dimwishlist:item=1716620044&perks=839105230,1087426260,3643424744,557221067
dimwishlist:item=1716620044&perks=839105230,1087426260,3643424744,657025441
dimwishlist:item=1716620044&perks=839105230,1087426260,3643424744,3523296417
dimwishlist:item=1716620044&perks=839105230,1087426260,124408337,1048183818
dimwishlist:item=1716620044&perks=839105230,1087426260,124408337,557221067
dimwishlist:item=1716620044&perks=839105230,1087426260,124408337,657025441
dimwishlist:item=1716620044&perks=839105230,1087426260,124408337,3523296417
dimwishlist:item=1716620044&perks=839105230,3230963543,1870851715,1048183818
dimwishlist:item=1716620044&perks=839105230,3230963543,1870851715,557221067
dimwishlist:item=1716620044&perks=839105230,3230963543,1870851715,657025441
dimwishlist:item=1716620044&perks=839105230,3230963543,1870851715,3523296417
dimwishlist:item=1716620044&perks=839105230,3230963543,1820235745,1048183818
dimwishlist:item=1716620044&perks=839105230,3230963543,1820235745,557221067
dimwishlist:item=1716620044&perks=839105230,3230963543,1820235745,657025441
dimwishlist:item=1716620044&perks=839105230,3230963543,1820235745,3523296417
dimwishlist:item=1716620044&perks=839105230,3230963543,3643424744,1048183818
dimwishlist:item=1716620044&perks=839105230,3230963543,3643424744,557221067
dimwishlist:item=1716620044&perks=839105230,3230963543,3643424744,657025441
dimwishlist:item=1716620044&perks=839105230,3230963543,3643424744,3523296417
dimwishlist:item=1716620044&perks=839105230,3230963543,124408337,1048183818
dimwishlist:item=1716620044&perks=839105230,3230963543,124408337,557221067
dimwishlist:item=1716620044&perks=839105230,3230963543,124408337,657025441
dimwishlist:item=1716620044&perks=839105230,3230963543,124408337,3523296417
dimwishlist:item=1716620044&perks=839105230,106909392,1870851715,1048183818
dimwishlist:item=1716620044&perks=839105230,106909392,1870851715,557221067
dimwishlist:item=1716620044&perks=839105230,106909392,1870851715,657025441
dimwishlist:item=1716620044&perks=839105230,106909392,1870851715,3523296417
dimwishlist:item=1716620044&perks=839105230,106909392,1820235745,1048183818
dimwishlist:item=1716620044&perks=839105230,106909392,1820235745,557221067
dimwishlist:item=1716620044&perks=839105230,106909392,1820235745,657025441
dimwishlist:item=1716620044&perks=839105230,106909392,1820235745,3523296417
dimwishlist:item=1716620044&perks=839105230,106909392,3643424744,1048183818
dimwishlist:item=1716620044&perks=839105230,106909392,3643424744,557221067
dimwishlist:item=1716620044&perks=839105230,106909392,3643424744,657025441
dimwishlist:item=1716620044&perks=839105230,106909392,3643424744,3523296417
dimwishlist:item=1716620044&perks=839105230,106909392,124408337,1048183818
dimwishlist:item=1716620044&perks=839105230,106909392,124408337,557221067
dimwishlist:item=1716620044&perks=839105230,106909392,124408337,657025441
dimwishlist:item=1716620044&perks=839105230,106909392,124408337,3523296417
dimwishlist:item=1716620044&perks=4090651448,1087426260,1870851715,1048183818
dimwishlist:item=1716620044&perks=4090651448,1087426260,1870851715,557221067
dimwishlist:item=1716620044&perks=4090651448,1087426260,1870851715,657025441
dimwishlist:item=1716620044&perks=4090651448,1087426260,1870851715,3523296417
dimwishlist:item=1716620044&perks=4090651448,1087426260,1820235745,1048183818
dimwishlist:item=1716620044&perks=4090651448,1087426260,1820235745,557221067
dimwishlist:item=1716620044&perks=4090651448,1087426260,1820235745,657025441
dimwishlist:item=1716620044&perks=4090651448,1087426260,1820235745,3523296417
dimwishlist:item=1716620044&perks=4090651448,1087426260,3643424744,1048183818
dimwishlist:item=1716620044&perks=4090651448,1087426260,3643424744,557221067
dimwishlist:item=1716620044&perks=4090651448,1087426260,3643424744,657025441
dimwishlist:item=1716620044&perks=4090651448,1087426260,3643424744,3523296417
dimwishlist:item=1716620044&perks=4090651448,1087426260,124408337,1048183818
dimwishlist:item=1716620044&perks=4090651448,1087426260,124408337,557221067
dimwishlist:item=1716620044&perks=4090651448,1087426260,124408337,657025441
dimwishlist:item=1716620044&perks=4090651448,1087426260,124408337,3523296417
dimwishlist:item=1716620044&perks=4090651448,3230963543,1870851715,1048183818
dimwishlist:item=1716620044&perks=4090651448,3230963543,1870851715,557221067
dimwishlist:item=1716620044&perks=4090651448,3230963543,1870851715,657025441
dimwishlist:item=1716620044&perks=4090651448,3230963543,1870851715,3523296417
dimwishlist:item=1716620044&perks=4090651448,3230963543,1820235745,1048183818
dimwishlist:item=1716620044&perks=4090651448,3230963543,1820235745,557221067
dimwishlist:item=1716620044&perks=4090651448,3230963543,1820235745,657025441
dimwishlist:item=1716620044&perks=4090651448,3230963543,1820235745,3523296417
dimwishlist:item=1716620044&perks=4090651448,3230963543,3643424744,1048183818
dimwishlist:item=1716620044&perks=4090651448,3230963543,3643424744,557221067
dimwishlist:item=1716620044&perks=4090651448,3230963543,3643424744,657025441
dimwishlist:item=1716620044&perks=4090651448,3230963543,3643424744,3523296417
dimwishlist:item=1716620044&perks=4090651448,3230963543,124408337,1048183818
dimwishlist:item=1716620044&perks=4090651448,3230963543,124408337,557221067
dimwishlist:item=1716620044&perks=4090651448,3230963543,124408337,657025441
dimwishlist:item=1716620044&perks=4090651448,3230963543,124408337,3523296417
dimwishlist:item=1716620044&perks=4090651448,106909392,1870851715,1048183818
dimwishlist:item=1716620044&perks=4090651448,106909392,1870851715,557221067
dimwishlist:item=1716620044&perks=4090651448,106909392,1870851715,657025441
dimwishlist:item=1716620044&perks=4090651448,106909392,1870851715,3523296417
dimwishlist:item=1716620044&perks=4090651448,106909392,1820235745,1048183818
dimwishlist:item=1716620044&perks=4090651448,106909392,1820235745,557221067
dimwishlist:item=1716620044&perks=4090651448,106909392,1820235745,657025441
dimwishlist:item=1716620044&perks=4090651448,106909392,1820235745,3523296417
dimwishlist:item=1716620044&perks=4090651448,106909392,3643424744,1048183818
dimwishlist:item=1716620044&perks=4090651448,106909392,3643424744,557221067
dimwishlist:item=1716620044&perks=4090651448,106909392,3643424744,657025441
dimwishlist:item=1716620044&perks=4090651448,106909392,3643424744,3523296417
dimwishlist:item=1716620044&perks=4090651448,106909392,124408337,1048183818
dimwishlist:item=1716620044&perks=4090651448,106909392,124408337,557221067
dimwishlist:item=1716620044&perks=4090651448,106909392,124408337,657025441
dimwishlist:item=1716620044&perks=4090651448,106909392,124408337,3523296417
dimwishlist:item=1716620044&perks=1840239774,1087426260,1870851715,1048183818
dimwishlist:item=1716620044&perks=1840239774,1087426260,1870851715,557221067
dimwishlist:item=1716620044&perks=1840239774,1087426260,1870851715,657025441
dimwishlist:item=1716620044&perks=1840239774,1087426260,1870851715,3523296417
dimwishlist:item=1716620044&perks=1840239774,1087426260,1820235745,1048183818
dimwishlist:item=1716620044&perks=1840239774,1087426260,1820235745,557221067
dimwishlist:item=1716620044&perks=1840239774,1087426260,1820235745,657025441
dimwishlist:item=1716620044&perks=1840239774,1087426260,1820235745,3523296417
dimwishlist:item=1716620044&perks=1840239774,1087426260,3643424744,1048183818
dimwishlist:item=1716620044&perks=1840239774,1087426260,3643424744,557221067
dimwishlist:item=1716620044&perks=1840239774,1087426260,3643424744,657025441
dimwishlist:item=1716620044&perks=1840239774,1087426260,3643424744,3523296417
dimwishlist:item=1716620044&perks=1840239774,1087426260,124408337,1048183818
dimwishlist:item=1716620044&perks=1840239774,1087426260,124408337,557221067
dimwishlist:item=1716620044&perks=1840239774,1087426260,124408337,657025441
dimwishlist:item=1716620044&perks=1840239774,1087426260,124408337,3523296417
dimwishlist:item=1716620044&perks=1840239774,3230963543,1870851715,1048183818
dimwishlist:item=1716620044&perks=1840239774,3230963543,1870851715,557221067
dimwishlist:item=1716620044&perks=1840239774,3230963543,1870851715,657025441
dimwishlist:item=1716620044&perks=1840239774,3230963543,1870851715,3523296417
dimwishlist:item=1716620044&perks=1840239774,3230963543,1820235745,1048183818
dimwishlist:item=1716620044&perks=1840239774,3230963543,1820235745,557221067
dimwishlist:item=1716620044&perks=1840239774,3230963543,1820235745,657025441
dimwishlist:item=1716620044&perks=1840239774,3230963543,1820235745,3523296417
dimwishlist:item=1716620044&perks=1840239774,3230963543,3643424744,1048183818
dimwishlist:item=1716620044&perks=1840239774,3230963543,3643424744,557221067
dimwishlist:item=1716620044&perks=1840239774,3230963543,3643424744,657025441
dimwishlist:item=1716620044&perks=1840239774,3230963543,3643424744,3523296417
dimwishlist:item=1716620044&perks=1840239774,3230963543,124408337,1048183818
dimwishlist:item=1716620044&perks=1840239774,3230963543,124408337,557221067
dimwishlist:item=1716620044&perks=1840239774,3230963543,124408337,657025441
dimwishlist:item=1716620044&perks=1840239774,3230963543,124408337,3523296417
dimwishlist:item=1716620044&perks=1840239774,106909392,1870851715,1048183818
dimwishlist:item=1716620044&perks=1840239774,106909392,1870851715,557221067
dimwishlist:item=1716620044&perks=1840239774,106909392,1870851715,657025441
dimwishlist:item=1716620044&perks=1840239774,106909392,1870851715,3523296417
dimwishlist:item=1716620044&perks=1840239774,106909392,1820235745,1048183818
dimwishlist:item=1716620044&perks=1840239774,106909392,1820235745,557221067
dimwishlist:item=1716620044&perks=1840239774,106909392,1820235745,657025441
dimwishlist:item=1716620044&perks=1840239774,106909392,1820235745,3523296417
dimwishlist:item=1716620044&perks=1840239774,106909392,3643424744,1048183818
dimwishlist:item=1716620044&perks=1840239774,106909392,3643424744,557221067
dimwishlist:item=1716620044&perks=1840239774,106909392,3643424744,657025441
dimwishlist:item=1716620044&perks=1840239774,106909392,3643424744,3523296417
dimwishlist:item=1716620044&perks=1840239774,106909392,124408337,1048183818
dimwishlist:item=1716620044&perks=1840239774,106909392,124408337,557221067
dimwishlist:item=1716620044&perks=1840239774,106909392,124408337,657025441
dimwishlist:item=1716620044&perks=1840239774,106909392,124408337,3523296417


// Ecliptic Distaff - 黄道卷线杆 (pve)
//notes: 特色为枯萎凝视，格挡时上虚弱。 tags:pve
dimwishlist:item=1942143745&perks=1966281507,3640170453
dimwishlist:item=1942143745&perks=1966281507,1134488199
dimwishlist:item=1942143745&perks=1966281507,1782407750
dimwishlist:item=1942143745&perks=1631667848,3640170453
dimwishlist:item=1942143745&perks=1631667848,1134488199
dimwishlist:item=1942143745&perks=1631667848,1782407750
dimwishlist:item=1942143745&perks=3800201097,3640170453
dimwishlist:item=1942143745&perks=3800201097,1134488199
dimwishlist:item=1942143745&perks=3800201097,1782407750
dimwishlist:item=1942143745&perks=776531651,3640170453
dimwishlist:item=1942143745&perks=776531651,1134488199
dimwishlist:item=1942143745&perks=776531651,1782407750


// Perfect Pitch - 绝对音高 (pve)
//notes: 一般，换弹略慢 tags:pve
dimwishlist:item=2191451996&perks=839105230,3230963543,3017780555,4293542123
dimwishlist:item=2191451996&perks=839105230,3230963543,3828510309,4293542123
dimwishlist:item=2191451996&perks=839105230,106909392,3017780555,4293542123
dimwishlist:item=2191451996&perks=839105230,106909392,3828510309,4293542123
dimwishlist:item=2191451996&perks=4090651448,3230963543,3017780555,4293542123
dimwishlist:item=2191451996&perks=4090651448,3230963543,3828510309,4293542123
dimwishlist:item=2191451996&perks=4090651448,106909392,3017780555,4293542123
dimwishlist:item=2191451996&perks=4090651448,106909392,3828510309,4293542123
dimwishlist:item=2191451996&perks=1840239774,3230963543,3017780555,4293542123
dimwishlist:item=2191451996&perks=1840239774,3230963543,3828510309,4293542123
dimwishlist:item=2191451996&perks=1840239774,106909392,3017780555,4293542123
dimwishlist:item=2191451996&perks=1840239774,106909392,3828510309,4293542123


// Reckless Endangerment - 鲁莽致险 (pve)
//notes: 没有雪上，只能用来输出。 tags:pve
dimwishlist:item=3085559077&perks=1300023272,791862061,1631667848,2360754333
dimwishlist:item=3085559077&perks=1300023272,1087426260,1631667848,2360754333
dimwishlist:item=3085559077&perks=1300023272,106909392,1631667848,2360754333
dimwishlist:item=3085559077&perks=1300023272,3230963543,1631667848,2360754333
dimwishlist:item=3085559077&perks=4090651448,791862061,1631667848,2360754333
dimwishlist:item=3085559077&perks=4090651448,1087426260,1631667848,2360754333
dimwishlist:item=3085559077&perks=4090651448,106909392,1631667848,2360754333
dimwishlist:item=3085559077&perks=4090651448,3230963543,1631667848,2360754333
dimwishlist:item=3085559077&perks=1047830412,791862061,1631667848,2360754333
dimwishlist:item=3085559077&perks=1047830412,1087426260,1631667848,2360754333
dimwishlist:item=3085559077&perks=1047830412,106909392,1631667848,2360754333
dimwishlist:item=3085559077&perks=1047830412,3230963543,1631667848,2360754333
dimwishlist:item=3085559077&perks=1482024992,791862061,1631667848,2360754333
dimwishlist:item=3085559077&perks=1482024992,1087426260,1631667848,2360754333
dimwishlist:item=3085559077&perks=1482024992,106909392,1631667848,2360754333
dimwishlist:item=3085559077&perks=1482024992,3230963543,1631667848,2360754333


// Resounding - 高亢 (pve)
//notes: 输出和清怪上都比扭曲掉的同属性同框架融合差点，特色是双腹背。 tags:pve
dimwishlist:item=3273807888&perks=839105230,689005463,1799762209,3708227201
dimwishlist:item=3273807888&perks=839105230,689005463,1799762209,1427256713
dimwishlist:item=3273807888&perks=839105230,689005463,1799762209,3764420437
dimwishlist:item=3273807888&perks=839105230,689005463,2010801679,3708227201
dimwishlist:item=3273807888&perks=839105230,689005463,2010801679,1427256713
dimwishlist:item=3273807888&perks=839105230,689005463,2010801679,3764420437
dimwishlist:item=3273807888&perks=839105230,689005463,1820235745,3708227201
dimwishlist:item=3273807888&perks=839105230,689005463,1820235745,1427256713
dimwishlist:item=3273807888&perks=839105230,689005463,1820235745,3764420437
dimwishlist:item=3273807888&perks=839105230,2680121939,1799762209,3708227201
dimwishlist:item=3273807888&perks=839105230,2680121939,1799762209,1427256713
dimwishlist:item=3273807888&perks=839105230,2680121939,1799762209,3764420437
dimwishlist:item=3273807888&perks=839105230,2680121939,2010801679,3708227201
dimwishlist:item=3273807888&perks=839105230,2680121939,2010801679,1427256713
dimwishlist:item=3273807888&perks=839105230,2680121939,2010801679,3764420437
dimwishlist:item=3273807888&perks=839105230,2680121939,1820235745,3708227201
dimwishlist:item=3273807888&perks=839105230,2680121939,1820235745,1427256713
dimwishlist:item=3273807888&perks=839105230,2680121939,1820235745,3764420437
dimwishlist:item=3273807888&perks=4090651448,689005463,1799762209,3708227201
dimwishlist:item=3273807888&perks=4090651448,689005463,1799762209,1427256713
dimwishlist:item=3273807888&perks=4090651448,689005463,1799762209,3764420437
dimwishlist:item=3273807888&perks=4090651448,689005463,2010801679,3708227201
dimwishlist:item=3273807888&perks=4090651448,689005463,2010801679,1427256713
dimwishlist:item=3273807888&perks=4090651448,689005463,2010801679,3764420437
dimwishlist:item=3273807888&perks=4090651448,689005463,1820235745,3708227201
dimwishlist:item=3273807888&perks=4090651448,689005463,1820235745,1427256713
dimwishlist:item=3273807888&perks=4090651448,689005463,1820235745,3764420437
dimwishlist:item=3273807888&perks=4090651448,2680121939,1799762209,3708227201
dimwishlist:item=3273807888&perks=4090651448,2680121939,1799762209,1427256713
dimwishlist:item=3273807888&perks=4090651448,2680121939,1799762209,3764420437
dimwishlist:item=3273807888&perks=4090651448,2680121939,2010801679,3708227201
dimwishlist:item=3273807888&perks=4090651448,2680121939,2010801679,1427256713
dimwishlist:item=3273807888&perks=4090651448,2680121939,2010801679,3764420437
dimwishlist:item=3273807888&perks=4090651448,2680121939,1820235745,3708227201
dimwishlist:item=3273807888&perks=4090651448,2680121939,1820235745,1427256713
dimwishlist:item=3273807888&perks=4090651448,2680121939,1820235745,3764420437
dimwishlist:item=3273807888&perks=1840239774,689005463,1799762209,3708227201
dimwishlist:item=3273807888&perks=1840239774,689005463,1799762209,1427256713
dimwishlist:item=3273807888&perks=1840239774,689005463,1799762209,3764420437
dimwishlist:item=3273807888&perks=1840239774,689005463,2010801679,3708227201
dimwishlist:item=3273807888&perks=1840239774,689005463,2010801679,1427256713
dimwishlist:item=3273807888&perks=1840239774,689005463,2010801679,3764420437
dimwishlist:item=3273807888&perks=1840239774,689005463,1820235745,3708227201
dimwishlist:item=3273807888&perks=1840239774,689005463,1820235745,1427256713
dimwishlist:item=3273807888&perks=1840239774,689005463,1820235745,3764420437
dimwishlist:item=3273807888&perks=1840239774,2680121939,1799762209,3708227201
dimwishlist:item=3273807888&perks=1840239774,2680121939,1799762209,1427256713
dimwishlist:item=3273807888&perks=1840239774,2680121939,1799762209,3764420437
dimwishlist:item=3273807888&perks=1840239774,2680121939,2010801679,3708227201
dimwishlist:item=3273807888&perks=1840239774,2680121939,2010801679,1427256713
dimwishlist:item=3273807888&perks=1840239774,2680121939,2010801679,3764420437
dimwishlist:item=3273807888&perks=1840239774,2680121939,1820235745,3708227201
dimwishlist:item=3273807888&perks=1840239774,2680121939,1820235745,1427256713
dimwishlist:item=3273807888&perks=1840239774,2680121939,1820235745,3764420437


// Last Rite - 最后仪式 (pve)
//notes: 框架触发迷惑爆发倒是很容易，但整体换弹速度太差。 tags:pve
dimwishlist:item=3708636616&perks=839105230,4134353779,2289534249,3038247973
dimwishlist:item=3708636616&perks=839105230,4134353779,2289534249,3824105627
dimwishlist:item=3708636616&perks=839105230,4134353779,3700496672,3038247973
dimwishlist:item=3708636616&perks=839105230,4134353779,3700496672,3824105627
dimwishlist:item=3708636616&perks=839105230,106909392,2289534249,3038247973
dimwishlist:item=3708636616&perks=839105230,106909392,2289534249,3824105627
dimwishlist:item=3708636616&perks=839105230,106909392,3700496672,3038247973
dimwishlist:item=3708636616&perks=839105230,106909392,3700496672,3824105627
dimwishlist:item=3708636616&perks=839105230,3230963543,2289534249,3038247973
dimwishlist:item=3708636616&perks=839105230,3230963543,2289534249,3824105627
dimwishlist:item=3708636616&perks=839105230,3230963543,3700496672,3038247973
dimwishlist:item=3708636616&perks=839105230,3230963543,3700496672,3824105627
dimwishlist:item=3708636616&perks=4090651448,4134353779,2289534249,3038247973
dimwishlist:item=3708636616&perks=4090651448,4134353779,2289534249,3824105627
dimwishlist:item=3708636616&perks=4090651448,4134353779,3700496672,3038247973
dimwishlist:item=3708636616&perks=4090651448,4134353779,3700496672,3824105627
dimwishlist:item=3708636616&perks=4090651448,106909392,2289534249,3038247973
dimwishlist:item=3708636616&perks=4090651448,106909392,2289534249,3824105627
dimwishlist:item=3708636616&perks=4090651448,106909392,3700496672,3038247973
dimwishlist:item=3708636616&perks=4090651448,106909392,3700496672,3824105627
dimwishlist:item=3708636616&perks=4090651448,3230963543,2289534249,3038247973
dimwishlist:item=3708636616&perks=4090651448,3230963543,2289534249,3824105627
dimwishlist:item=3708636616&perks=4090651448,3230963543,3700496672,3038247973
dimwishlist:item=3708636616&perks=4090651448,3230963543,3700496672,3824105627
dimwishlist:item=3708636616&perks=1840239774,4134353779,2289534249,3038247973
dimwishlist:item=3708636616&perks=1840239774,4134353779,2289534249,3824105627
dimwishlist:item=3708636616&perks=1840239774,4134353779,3700496672,3038247973
dimwishlist:item=3708636616&perks=1840239774,4134353779,3700496672,3824105627
dimwishlist:item=3708636616&perks=1840239774,106909392,2289534249,3038247973
dimwishlist:item=3708636616&perks=1840239774,106909392,2289534249,3824105627
dimwishlist:item=3708636616&perks=1840239774,106909392,3700496672,3038247973
dimwishlist:item=3708636616&perks=1840239774,106909392,3700496672,3824105627
dimwishlist:item=3708636616&perks=1840239774,3230963543,2289534249,3038247973
dimwishlist:item=3708636616&perks=1840239774,3230963543,2289534249,3824105627
dimwishlist:item=3708636616&perks=1840239774,3230963543,3700496672,3038247973
dimwishlist:item=3708636616&perks=1840239774,3230963543,3700496672,3824105627


// Fair Judgment - 公平审判 (god-pve)
//notes: 有解构对屏障的高额增伤。 tags:god-pve
dimwishlist:item=4113452819&perks=839105230,1087426260,3993379141,4104185692
dimwishlist:item=4113452819&perks=839105230,1087426260,3993379141,124408337
dimwishlist:item=4113452819&perks=839105230,1087426260,1955165503,4104185692
dimwishlist:item=4113452819&perks=839105230,1087426260,1955165503,124408337
dimwishlist:item=4113452819&perks=839105230,3230963543,3993379141,4104185692
dimwishlist:item=4113452819&perks=839105230,3230963543,3993379141,124408337
dimwishlist:item=4113452819&perks=839105230,3230963543,1955165503,4104185692
dimwishlist:item=4113452819&perks=839105230,3230963543,1955165503,124408337
dimwishlist:item=4113452819&perks=839105230,106909392,3993379141,4104185692
dimwishlist:item=4113452819&perks=839105230,106909392,3993379141,124408337
dimwishlist:item=4113452819&perks=839105230,106909392,1955165503,4104185692
dimwishlist:item=4113452819&perks=839105230,106909392,1955165503,124408337
dimwishlist:item=4113452819&perks=4090651448,1087426260,3993379141,4104185692
dimwishlist:item=4113452819&perks=4090651448,1087426260,3993379141,124408337
dimwishlist:item=4113452819&perks=4090651448,1087426260,1955165503,4104185692
dimwishlist:item=4113452819&perks=4090651448,1087426260,1955165503,124408337
dimwishlist:item=4113452819&perks=4090651448,3230963543,3993379141,4104185692
dimwishlist:item=4113452819&perks=4090651448,3230963543,3993379141,124408337
dimwishlist:item=4113452819&perks=4090651448,3230963543,1955165503,4104185692
dimwishlist:item=4113452819&perks=4090651448,3230963543,1955165503,124408337
dimwishlist:item=4113452819&perks=4090651448,106909392,3993379141,4104185692
dimwishlist:item=4113452819&perks=4090651448,106909392,3993379141,124408337
dimwishlist:item=4113452819&perks=4090651448,106909392,1955165503,4104185692
dimwishlist:item=4113452819&perks=4090651448,106909392,1955165503,124408337
dimwishlist:item=4113452819&perks=1840239774,1087426260,3993379141,4104185692
dimwishlist:item=4113452819&perks=1840239774,1087426260,3993379141,124408337
dimwishlist:item=4113452819&perks=1840239774,1087426260,1955165503,4104185692
dimwishlist:item=4113452819&perks=1840239774,1087426260,1955165503,124408337
dimwishlist:item=4113452819&perks=1840239774,3230963543,3993379141,4104185692
dimwishlist:item=4113452819&perks=1840239774,3230963543,3993379141,124408337
dimwishlist:item=4113452819&perks=1840239774,3230963543,1955165503,4104185692
dimwishlist:item=4113452819&perks=1840239774,3230963543,1955165503,124408337
dimwishlist:item=4113452819&perks=1840239774,106909392,3993379141,4104185692
dimwishlist:item=4113452819&perks=1840239774,106909392,3993379141,124408337
dimwishlist:item=4113452819&perks=1840239774,106909392,1955165503,4104185692
dimwishlist:item=4113452819&perks=1840239774,106909392,1955165503,124408337


