title:PVE列表-猛攻

// Elsie's Rifle - 艾尔茜的步枪 (pvp)
//notes: tags:pvp
dimwishlist:item=381446446&perks=839105230,1431678320,2387244414,460017080
dimwishlist:item=381446446&perks=839105230,1431678320,2387244414,3047969693
dimwishlist:item=381446446&perks=839105230,1431678320,3619207468,460017080
dimwishlist:item=381446446&perks=839105230,1431678320,3619207468,3047969693
dimwishlist:item=381446446&perks=839105230,1561002382,2387244414,460017080
dimwishlist:item=381446446&perks=839105230,1561002382,2387244414,3047969693
dimwishlist:item=381446446&perks=839105230,1561002382,3619207468,460017080
dimwishlist:item=381446446&perks=839105230,1561002382,3619207468,3047969693
dimwishlist:item=381446446&perks=839105230,3230963543,2387244414,460017080
dimwishlist:item=381446446&perks=839105230,3230963543,2387244414,3047969693
dimwishlist:item=381446446&perks=839105230,3230963543,3619207468,460017080
dimwishlist:item=381446446&perks=839105230,3230963543,3619207468,3047969693
dimwishlist:item=381446446&perks=839105230,106909392,2387244414,460017080
dimwishlist:item=381446446&perks=839105230,106909392,2387244414,3047969693
dimwishlist:item=381446446&perks=839105230,106909392,3619207468,460017080
dimwishlist:item=381446446&perks=839105230,106909392,3619207468,3047969693
dimwishlist:item=381446446&perks=4090651448,1431678320,2387244414,460017080
dimwishlist:item=381446446&perks=4090651448,1431678320,2387244414,3047969693
dimwishlist:item=381446446&perks=4090651448,1431678320,3619207468,460017080
dimwishlist:item=381446446&perks=4090651448,1431678320,3619207468,3047969693
dimwishlist:item=381446446&perks=4090651448,1561002382,2387244414,460017080
dimwishlist:item=381446446&perks=4090651448,1561002382,2387244414,3047969693
dimwishlist:item=381446446&perks=4090651448,1561002382,3619207468,460017080
dimwishlist:item=381446446&perks=4090651448,1561002382,3619207468,3047969693
dimwishlist:item=381446446&perks=4090651448,3230963543,2387244414,460017080
dimwishlist:item=381446446&perks=4090651448,3230963543,2387244414,3047969693
dimwishlist:item=381446446&perks=4090651448,3230963543,3619207468,460017080
dimwishlist:item=381446446&perks=4090651448,3230963543,3619207468,3047969693
dimwishlist:item=381446446&perks=4090651448,106909392,2387244414,460017080
dimwishlist:item=381446446&perks=4090651448,106909392,2387244414,3047969693
dimwishlist:item=381446446&perks=4090651448,106909392,3619207468,460017080
dimwishlist:item=381446446&perks=4090651448,106909392,3619207468,3047969693
dimwishlist:item=381446446&perks=1840239774,1431678320,2387244414,460017080
dimwishlist:item=381446446&perks=1840239774,1431678320,2387244414,3047969693
dimwishlist:item=381446446&perks=1840239774,1431678320,3619207468,460017080
dimwishlist:item=381446446&perks=1840239774,1431678320,3619207468,3047969693
dimwishlist:item=381446446&perks=1840239774,1561002382,2387244414,460017080
dimwishlist:item=381446446&perks=1840239774,1561002382,2387244414,3047969693
dimwishlist:item=381446446&perks=1840239774,1561002382,3619207468,460017080
dimwishlist:item=381446446&perks=1840239774,1561002382,3619207468,3047969693
dimwishlist:item=381446446&perks=1840239774,3230963543,2387244414,460017080
dimwishlist:item=381446446&perks=1840239774,3230963543,2387244414,3047969693
dimwishlist:item=381446446&perks=1840239774,3230963543,3619207468,460017080
dimwishlist:item=381446446&perks=1840239774,3230963543,3619207468,3047969693
dimwishlist:item=381446446&perks=1840239774,106909392,2387244414,460017080
dimwishlist:item=381446446&perks=1840239774,106909392,2387244414,3047969693
dimwishlist:item=381446446&perks=1840239774,106909392,3619207468,460017080
dimwishlist:item=381446446&perks=1840239774,106909392,3619207468,3047969693


// Elsie's Rifle - 艾尔茜的步枪 (pve)
//notes: 偏pvp的340。 tags:pve
dimwishlist:item=381446446&perks=839105230,1087426260,776531651,2048641572
dimwishlist:item=381446446&perks=839105230,1087426260,776531651,1464081238
dimwishlist:item=381446446&perks=839105230,1087426260,3182497402,2048641572
dimwishlist:item=381446446&perks=839105230,1087426260,3182497402,1464081238
dimwishlist:item=381446446&perks=839105230,1087426260,4019266109,2048641572
dimwishlist:item=381446446&perks=839105230,1087426260,4019266109,1464081238
dimwishlist:item=381446446&perks=839105230,3230963543,776531651,2048641572
dimwishlist:item=381446446&perks=839105230,3230963543,776531651,1464081238
dimwishlist:item=381446446&perks=839105230,3230963543,3182497402,2048641572
dimwishlist:item=381446446&perks=839105230,3230963543,3182497402,1464081238
dimwishlist:item=381446446&perks=839105230,3230963543,4019266109,2048641572
dimwishlist:item=381446446&perks=839105230,3230963543,4019266109,1464081238
dimwishlist:item=381446446&perks=839105230,106909392,776531651,2048641572
dimwishlist:item=381446446&perks=839105230,106909392,776531651,1464081238
dimwishlist:item=381446446&perks=839105230,106909392,3182497402,2048641572
dimwishlist:item=381446446&perks=839105230,106909392,3182497402,1464081238
dimwishlist:item=381446446&perks=839105230,106909392,4019266109,2048641572
dimwishlist:item=381446446&perks=839105230,106909392,4019266109,1464081238
dimwishlist:item=381446446&perks=4090651448,1087426260,776531651,2048641572
dimwishlist:item=381446446&perks=4090651448,1087426260,776531651,1464081238
dimwishlist:item=381446446&perks=4090651448,1087426260,3182497402,2048641572
dimwishlist:item=381446446&perks=4090651448,1087426260,3182497402,1464081238
dimwishlist:item=381446446&perks=4090651448,1087426260,4019266109,2048641572
dimwishlist:item=381446446&perks=4090651448,1087426260,4019266109,1464081238
dimwishlist:item=381446446&perks=4090651448,3230963543,776531651,2048641572
dimwishlist:item=381446446&perks=4090651448,3230963543,776531651,1464081238
dimwishlist:item=381446446&perks=4090651448,3230963543,3182497402,2048641572
dimwishlist:item=381446446&perks=4090651448,3230963543,3182497402,1464081238
dimwishlist:item=381446446&perks=4090651448,3230963543,4019266109,2048641572
dimwishlist:item=381446446&perks=4090651448,3230963543,4019266109,1464081238
dimwishlist:item=381446446&perks=4090651448,106909392,776531651,2048641572
dimwishlist:item=381446446&perks=4090651448,106909392,776531651,1464081238
dimwishlist:item=381446446&perks=4090651448,106909392,3182497402,2048641572
dimwishlist:item=381446446&perks=4090651448,106909392,3182497402,1464081238
dimwishlist:item=381446446&perks=4090651448,106909392,4019266109,2048641572
dimwishlist:item=381446446&perks=4090651448,106909392,4019266109,1464081238
dimwishlist:item=381446446&perks=1840239774,1087426260,776531651,2048641572
dimwishlist:item=381446446&perks=1840239774,1087426260,776531651,1464081238
dimwishlist:item=381446446&perks=1840239774,1087426260,3182497402,2048641572
dimwishlist:item=381446446&perks=1840239774,1087426260,3182497402,1464081238
dimwishlist:item=381446446&perks=1840239774,1087426260,4019266109,2048641572
dimwishlist:item=381446446&perks=1840239774,1087426260,4019266109,1464081238
dimwishlist:item=381446446&perks=1840239774,3230963543,776531651,2048641572
dimwishlist:item=381446446&perks=1840239774,3230963543,776531651,1464081238
dimwishlist:item=381446446&perks=1840239774,3230963543,3182497402,2048641572
dimwishlist:item=381446446&perks=1840239774,3230963543,3182497402,1464081238
dimwishlist:item=381446446&perks=1840239774,3230963543,4019266109,2048641572
dimwishlist:item=381446446&perks=1840239774,3230963543,4019266109,1464081238
dimwishlist:item=381446446&perks=1840239774,106909392,776531651,2048641572
dimwishlist:item=381446446&perks=1840239774,106909392,776531651,1464081238
dimwishlist:item=381446446&perks=1840239774,106909392,3182497402,2048641572
dimwishlist:item=381446446&perks=1840239774,106909392,3182497402,1464081238
dimwishlist:item=381446446&perks=1840239774,106909392,4019266109,2048641572
dimwishlist:item=381446446&perks=1840239774,106909392,4019266109,1464081238


// Hung Jury SR4 - 绞刑判官SR4 (pve)
//notes: pve边打边劫+高爆的工具枪或刮痧。 tags:pve
dimwishlist:item=697459665&perks=839105230,106909392,3891536761,3038247973
dimwishlist:item=697459665&perks=839105230,106909392,3891536761,3824105627
dimwishlist:item=697459665&perks=839105230,106909392,3700496672,3038247973
dimwishlist:item=697459665&perks=839105230,106909392,3700496672,3824105627
dimwishlist:item=697459665&perks=839105230,3230963543,3891536761,3038247973
dimwishlist:item=697459665&perks=839105230,3230963543,3891536761,3824105627
dimwishlist:item=697459665&perks=839105230,3230963543,3700496672,3038247973
dimwishlist:item=697459665&perks=839105230,3230963543,3700496672,3824105627
dimwishlist:item=697459665&perks=839105230,791862061,3891536761,3038247973
dimwishlist:item=697459665&perks=839105230,791862061,3891536761,3824105627
dimwishlist:item=697459665&perks=839105230,791862061,3700496672,3038247973
dimwishlist:item=697459665&perks=839105230,791862061,3700496672,3824105627
dimwishlist:item=697459665&perks=4090651448,106909392,3891536761,3038247973
dimwishlist:item=697459665&perks=4090651448,106909392,3891536761,3824105627
dimwishlist:item=697459665&perks=4090651448,106909392,3700496672,3038247973
dimwishlist:item=697459665&perks=4090651448,106909392,3700496672,3824105627
dimwishlist:item=697459665&perks=4090651448,3230963543,3891536761,3038247973
dimwishlist:item=697459665&perks=4090651448,3230963543,3891536761,3824105627
dimwishlist:item=697459665&perks=4090651448,3230963543,3700496672,3038247973
dimwishlist:item=697459665&perks=4090651448,3230963543,3700496672,3824105627
dimwishlist:item=697459665&perks=4090651448,791862061,3891536761,3038247973
dimwishlist:item=697459665&perks=4090651448,791862061,3891536761,3824105627
dimwishlist:item=697459665&perks=4090651448,791862061,3700496672,3038247973
dimwishlist:item=697459665&perks=4090651448,791862061,3700496672,3824105627
dimwishlist:item=697459665&perks=1840239774,106909392,3891536761,3038247973
dimwishlist:item=697459665&perks=1840239774,106909392,3891536761,3824105627
dimwishlist:item=697459665&perks=1840239774,106909392,3700496672,3038247973
dimwishlist:item=697459665&perks=1840239774,106909392,3700496672,3824105627
dimwishlist:item=697459665&perks=1840239774,3230963543,3891536761,3038247973
dimwishlist:item=697459665&perks=1840239774,3230963543,3891536761,3824105627
dimwishlist:item=697459665&perks=1840239774,3230963543,3700496672,3038247973
dimwishlist:item=697459665&perks=1840239774,3230963543,3700496672,3824105627
dimwishlist:item=697459665&perks=1840239774,791862061,3891536761,3038247973
dimwishlist:item=697459665&perks=1840239774,791862061,3891536761,3824105627
dimwishlist:item=697459665&perks=1840239774,791862061,3700496672,3038247973
dimwishlist:item=697459665&perks=1840239774,791862061,3700496672,3824105627


// Luna's Howl - 月之狂嚎 (pve)
//notes: 总体上还是比扎乌利略逊一筹 tags:pve
dimwishlist:item=2033531688&perks=839105230,1885400500,3017780555,3640170453
dimwishlist:item=2033531688&perks=839105230,1885400500,3017780555,4293542123
dimwishlist:item=2033531688&perks=839105230,1885400500,3824105627,3640170453
dimwishlist:item=2033531688&perks=839105230,1885400500,3824105627,4293542123
dimwishlist:item=2033531688&perks=839105230,3230963543,3017780555,3640170453
dimwishlist:item=2033531688&perks=839105230,3230963543,3017780555,4293542123
dimwishlist:item=2033531688&perks=839105230,3230963543,3824105627,3640170453
dimwishlist:item=2033531688&perks=839105230,3230963543,3824105627,4293542123
dimwishlist:item=2033531688&perks=839105230,106909392,3017780555,3640170453
dimwishlist:item=2033531688&perks=839105230,106909392,3017780555,4293542123
dimwishlist:item=2033531688&perks=839105230,106909392,3824105627,3640170453
dimwishlist:item=2033531688&perks=839105230,106909392,3824105627,4293542123
dimwishlist:item=2033531688&perks=4090651448,1885400500,3017780555,3640170453
dimwishlist:item=2033531688&perks=4090651448,1885400500,3017780555,4293542123
dimwishlist:item=2033531688&perks=4090651448,1885400500,3824105627,3640170453
dimwishlist:item=2033531688&perks=4090651448,1885400500,3824105627,4293542123
dimwishlist:item=2033531688&perks=4090651448,3230963543,3017780555,3640170453
dimwishlist:item=2033531688&perks=4090651448,3230963543,3017780555,4293542123
dimwishlist:item=2033531688&perks=4090651448,3230963543,3824105627,3640170453
dimwishlist:item=2033531688&perks=4090651448,3230963543,3824105627,4293542123
dimwishlist:item=2033531688&perks=4090651448,106909392,3017780555,3640170453
dimwishlist:item=2033531688&perks=4090651448,106909392,3017780555,4293542123
dimwishlist:item=2033531688&perks=4090651448,106909392,3824105627,3640170453
dimwishlist:item=2033531688&perks=4090651448,106909392,3824105627,4293542123
dimwishlist:item=2033531688&perks=1840239774,1885400500,3017780555,3640170453
dimwishlist:item=2033531688&perks=1840239774,1885400500,3017780555,4293542123
dimwishlist:item=2033531688&perks=1840239774,1885400500,3824105627,3640170453
dimwishlist:item=2033531688&perks=1840239774,1885400500,3824105627,4293542123
dimwishlist:item=2033531688&perks=1840239774,3230963543,3017780555,3640170453
dimwishlist:item=2033531688&perks=1840239774,3230963543,3017780555,4293542123
dimwishlist:item=2033531688&perks=1840239774,3230963543,3824105627,3640170453
dimwishlist:item=2033531688&perks=1840239774,3230963543,3824105627,4293542123
dimwishlist:item=2033531688&perks=1840239774,106909392,3017780555,3640170453
dimwishlist:item=2033531688&perks=1840239774,106909392,3017780555,4293542123
dimwishlist:item=2033531688&perks=1840239774,106909392,3824105627,3640170453
dimwishlist:item=2033531688&perks=1840239774,106909392,3824105627,4293542123


// Luna's Howl - 月之狂嚎 (pvp)
//notes: perk池子尚可，但精密框架的枪口上抬需要看个人的喜好。 tags:pvp
dimwishlist:item=2033531688&perks=839105230,1561002382,3161816588,47981717
dimwishlist:item=2033531688&perks=839105230,1561002382,3161816588,2720533289
dimwishlist:item=2033531688&perks=839105230,1561002382,3619207468,47981717
dimwishlist:item=2033531688&perks=839105230,1561002382,3619207468,2720533289
dimwishlist:item=2033531688&perks=839105230,1561002382,699525795,47981717
dimwishlist:item=2033531688&perks=839105230,1561002382,699525795,2720533289
dimwishlist:item=2033531688&perks=839105230,1885400500,3161816588,47981717
dimwishlist:item=2033531688&perks=839105230,1885400500,3161816588,2720533289
dimwishlist:item=2033531688&perks=839105230,1885400500,3619207468,47981717
dimwishlist:item=2033531688&perks=839105230,1885400500,3619207468,2720533289
dimwishlist:item=2033531688&perks=839105230,1885400500,699525795,47981717
dimwishlist:item=2033531688&perks=839105230,1885400500,699525795,2720533289
dimwishlist:item=2033531688&perks=839105230,1968497646,3161816588,47981717
dimwishlist:item=2033531688&perks=839105230,1968497646,3161816588,2720533289
dimwishlist:item=2033531688&perks=839105230,1968497646,3619207468,47981717
dimwishlist:item=2033531688&perks=839105230,1968497646,3619207468,2720533289
dimwishlist:item=2033531688&perks=839105230,1968497646,699525795,47981717
dimwishlist:item=2033531688&perks=839105230,1968497646,699525795,2720533289
dimwishlist:item=2033531688&perks=839105230,3230963543,3161816588,47981717
dimwishlist:item=2033531688&perks=839105230,3230963543,3161816588,2720533289
dimwishlist:item=2033531688&perks=839105230,3230963543,3619207468,47981717
dimwishlist:item=2033531688&perks=839105230,3230963543,3619207468,2720533289
dimwishlist:item=2033531688&perks=839105230,3230963543,699525795,47981717
dimwishlist:item=2033531688&perks=839105230,3230963543,699525795,2720533289
dimwishlist:item=2033531688&perks=839105230,106909392,3161816588,47981717
dimwishlist:item=2033531688&perks=839105230,106909392,3161816588,2720533289
dimwishlist:item=2033531688&perks=839105230,106909392,3619207468,47981717
dimwishlist:item=2033531688&perks=839105230,106909392,3619207468,2720533289
dimwishlist:item=2033531688&perks=839105230,106909392,699525795,47981717
dimwishlist:item=2033531688&perks=839105230,106909392,699525795,2720533289
dimwishlist:item=2033531688&perks=4090651448,1561002382,3161816588,47981717
dimwishlist:item=2033531688&perks=4090651448,1561002382,3161816588,2720533289
dimwishlist:item=2033531688&perks=4090651448,1561002382,3619207468,47981717
dimwishlist:item=2033531688&perks=4090651448,1561002382,3619207468,2720533289
dimwishlist:item=2033531688&perks=4090651448,1561002382,699525795,47981717
dimwishlist:item=2033531688&perks=4090651448,1561002382,699525795,2720533289
dimwishlist:item=2033531688&perks=4090651448,1885400500,3161816588,47981717
dimwishlist:item=2033531688&perks=4090651448,1885400500,3161816588,2720533289
dimwishlist:item=2033531688&perks=4090651448,1885400500,3619207468,47981717
dimwishlist:item=2033531688&perks=4090651448,1885400500,3619207468,2720533289
dimwishlist:item=2033531688&perks=4090651448,1885400500,699525795,47981717
dimwishlist:item=2033531688&perks=4090651448,1885400500,699525795,2720533289
dimwishlist:item=2033531688&perks=4090651448,1968497646,3161816588,47981717
dimwishlist:item=2033531688&perks=4090651448,1968497646,3161816588,2720533289
dimwishlist:item=2033531688&perks=4090651448,1968497646,3619207468,47981717
dimwishlist:item=2033531688&perks=4090651448,1968497646,3619207468,2720533289
dimwishlist:item=2033531688&perks=4090651448,1968497646,699525795,47981717
dimwishlist:item=2033531688&perks=4090651448,1968497646,699525795,2720533289
dimwishlist:item=2033531688&perks=4090651448,3230963543,3161816588,47981717
dimwishlist:item=2033531688&perks=4090651448,3230963543,3161816588,2720533289
dimwishlist:item=2033531688&perks=4090651448,3230963543,3619207468,47981717
dimwishlist:item=2033531688&perks=4090651448,3230963543,3619207468,2720533289
dimwishlist:item=2033531688&perks=4090651448,3230963543,699525795,47981717
dimwishlist:item=2033531688&perks=4090651448,3230963543,699525795,2720533289
dimwishlist:item=2033531688&perks=4090651448,106909392,3161816588,47981717
dimwishlist:item=2033531688&perks=4090651448,106909392,3161816588,2720533289
dimwishlist:item=2033531688&perks=4090651448,106909392,3619207468,47981717
dimwishlist:item=2033531688&perks=4090651448,106909392,3619207468,2720533289
dimwishlist:item=2033531688&perks=4090651448,106909392,699525795,47981717
dimwishlist:item=2033531688&perks=4090651448,106909392,699525795,2720533289
dimwishlist:item=2033531688&perks=1840239774,1561002382,3161816588,47981717
dimwishlist:item=2033531688&perks=1840239774,1561002382,3161816588,2720533289
dimwishlist:item=2033531688&perks=1840239774,1561002382,3619207468,47981717
dimwishlist:item=2033531688&perks=1840239774,1561002382,3619207468,2720533289
dimwishlist:item=2033531688&perks=1840239774,1561002382,699525795,47981717
dimwishlist:item=2033531688&perks=1840239774,1561002382,699525795,2720533289
dimwishlist:item=2033531688&perks=1840239774,1885400500,3161816588,47981717
dimwishlist:item=2033531688&perks=1840239774,1885400500,3161816588,2720533289
dimwishlist:item=2033531688&perks=1840239774,1885400500,3619207468,47981717
dimwishlist:item=2033531688&perks=1840239774,1885400500,3619207468,2720533289
dimwishlist:item=2033531688&perks=1840239774,1885400500,699525795,47981717
dimwishlist:item=2033531688&perks=1840239774,1885400500,699525795,2720533289
dimwishlist:item=2033531688&perks=1840239774,1968497646,3161816588,47981717
dimwishlist:item=2033531688&perks=1840239774,1968497646,3161816588,2720533289
dimwishlist:item=2033531688&perks=1840239774,1968497646,3619207468,47981717
dimwishlist:item=2033531688&perks=1840239774,1968497646,3619207468,2720533289
dimwishlist:item=2033531688&perks=1840239774,1968497646,699525795,47981717
dimwishlist:item=2033531688&perks=1840239774,1968497646,699525795,2720533289
dimwishlist:item=2033531688&perks=1840239774,3230963543,3161816588,47981717
dimwishlist:item=2033531688&perks=1840239774,3230963543,3161816588,2720533289
dimwishlist:item=2033531688&perks=1840239774,3230963543,3619207468,47981717
dimwishlist:item=2033531688&perks=1840239774,3230963543,3619207468,2720533289
dimwishlist:item=2033531688&perks=1840239774,3230963543,699525795,47981717
dimwishlist:item=2033531688&perks=1840239774,3230963543,699525795,2720533289
dimwishlist:item=2033531688&perks=1840239774,106909392,3161816588,47981717
dimwishlist:item=2033531688&perks=1840239774,106909392,3161816588,2720533289
dimwishlist:item=2033531688&perks=1840239774,106909392,3619207468,47981717
dimwishlist:item=2033531688&perks=1840239774,106909392,3619207468,2720533289
dimwishlist:item=2033531688&perks=1840239774,106909392,699525795,47981717
dimwishlist:item=2033531688&perks=1840239774,106909392,699525795,2720533289


// Midnight Coup - 午夜政变 (pve)
//notes: 常规pve手炮。 tags:pve
dimwishlist:item=2033531689&perks=839105230,4134353779,243981275,3891536761
dimwishlist:item=2033531689&perks=839105230,4134353779,243981275,3425386926
dimwishlist:item=2033531689&perks=839105230,4134353779,3038247973,3891536761
dimwishlist:item=2033531689&perks=839105230,4134353779,3038247973,3425386926
dimwishlist:item=2033531689&perks=839105230,4134353779,3700496672,3891536761
dimwishlist:item=2033531689&perks=839105230,4134353779,3700496672,3425386926
dimwishlist:item=2033531689&perks=839105230,4134353779,3824105627,3891536761
dimwishlist:item=2033531689&perks=839105230,4134353779,3824105627,3425386926
dimwishlist:item=2033531689&perks=839105230,1087426260,243981275,3891536761
dimwishlist:item=2033531689&perks=839105230,1087426260,243981275,3425386926
dimwishlist:item=2033531689&perks=839105230,1087426260,3038247973,3891536761
dimwishlist:item=2033531689&perks=839105230,1087426260,3038247973,3425386926
dimwishlist:item=2033531689&perks=839105230,1087426260,3700496672,3891536761
dimwishlist:item=2033531689&perks=839105230,1087426260,3700496672,3425386926
dimwishlist:item=2033531689&perks=839105230,1087426260,3824105627,3891536761
dimwishlist:item=2033531689&perks=839105230,1087426260,3824105627,3425386926
dimwishlist:item=2033531689&perks=839105230,106909392,243981275,3891536761
dimwishlist:item=2033531689&perks=839105230,106909392,243981275,3425386926
dimwishlist:item=2033531689&perks=839105230,106909392,3038247973,3891536761
dimwishlist:item=2033531689&perks=839105230,106909392,3038247973,3425386926
dimwishlist:item=2033531689&perks=839105230,106909392,3700496672,3891536761
dimwishlist:item=2033531689&perks=839105230,106909392,3700496672,3425386926
dimwishlist:item=2033531689&perks=839105230,106909392,3824105627,3891536761
dimwishlist:item=2033531689&perks=839105230,106909392,3824105627,3425386926
dimwishlist:item=2033531689&perks=839105230,3230963543,243981275,3891536761
dimwishlist:item=2033531689&perks=839105230,3230963543,243981275,3425386926
dimwishlist:item=2033531689&perks=839105230,3230963543,3038247973,3891536761
dimwishlist:item=2033531689&perks=839105230,3230963543,3038247973,3425386926
dimwishlist:item=2033531689&perks=839105230,3230963543,3700496672,3891536761
dimwishlist:item=2033531689&perks=839105230,3230963543,3700496672,3425386926
dimwishlist:item=2033531689&perks=839105230,3230963543,3824105627,3891536761
dimwishlist:item=2033531689&perks=839105230,3230963543,3824105627,3425386926
dimwishlist:item=2033531689&perks=4090651448,4134353779,243981275,3891536761
dimwishlist:item=2033531689&perks=4090651448,4134353779,243981275,3425386926
dimwishlist:item=2033531689&perks=4090651448,4134353779,3038247973,3891536761
dimwishlist:item=2033531689&perks=4090651448,4134353779,3038247973,3425386926
dimwishlist:item=2033531689&perks=4090651448,4134353779,3700496672,3891536761
dimwishlist:item=2033531689&perks=4090651448,4134353779,3700496672,3425386926
dimwishlist:item=2033531689&perks=4090651448,4134353779,3824105627,3891536761
dimwishlist:item=2033531689&perks=4090651448,4134353779,3824105627,3425386926
dimwishlist:item=2033531689&perks=4090651448,1087426260,243981275,3891536761
dimwishlist:item=2033531689&perks=4090651448,1087426260,243981275,3425386926
dimwishlist:item=2033531689&perks=4090651448,1087426260,3038247973,3891536761
dimwishlist:item=2033531689&perks=4090651448,1087426260,3038247973,3425386926
dimwishlist:item=2033531689&perks=4090651448,1087426260,3700496672,3891536761
dimwishlist:item=2033531689&perks=4090651448,1087426260,3700496672,3425386926
dimwishlist:item=2033531689&perks=4090651448,1087426260,3824105627,3891536761
dimwishlist:item=2033531689&perks=4090651448,1087426260,3824105627,3425386926
dimwishlist:item=2033531689&perks=4090651448,106909392,243981275,3891536761
dimwishlist:item=2033531689&perks=4090651448,106909392,243981275,3425386926
dimwishlist:item=2033531689&perks=4090651448,106909392,3038247973,3891536761
dimwishlist:item=2033531689&perks=4090651448,106909392,3038247973,3425386926
dimwishlist:item=2033531689&perks=4090651448,106909392,3700496672,3891536761
dimwishlist:item=2033531689&perks=4090651448,106909392,3700496672,3425386926
dimwishlist:item=2033531689&perks=4090651448,106909392,3824105627,3891536761
dimwishlist:item=2033531689&perks=4090651448,106909392,3824105627,3425386926
dimwishlist:item=2033531689&perks=4090651448,3230963543,243981275,3891536761
dimwishlist:item=2033531689&perks=4090651448,3230963543,243981275,3425386926
dimwishlist:item=2033531689&perks=4090651448,3230963543,3038247973,3891536761
dimwishlist:item=2033531689&perks=4090651448,3230963543,3038247973,3425386926
dimwishlist:item=2033531689&perks=4090651448,3230963543,3700496672,3891536761
dimwishlist:item=2033531689&perks=4090651448,3230963543,3700496672,3425386926
dimwishlist:item=2033531689&perks=4090651448,3230963543,3824105627,3891536761
dimwishlist:item=2033531689&perks=4090651448,3230963543,3824105627,3425386926
dimwishlist:item=2033531689&perks=1840239774,4134353779,243981275,3891536761
dimwishlist:item=2033531689&perks=1840239774,4134353779,243981275,3425386926
dimwishlist:item=2033531689&perks=1840239774,4134353779,3038247973,3891536761
dimwishlist:item=2033531689&perks=1840239774,4134353779,3038247973,3425386926
dimwishlist:item=2033531689&perks=1840239774,4134353779,3700496672,3891536761
dimwishlist:item=2033531689&perks=1840239774,4134353779,3700496672,3425386926
dimwishlist:item=2033531689&perks=1840239774,4134353779,3824105627,3891536761
dimwishlist:item=2033531689&perks=1840239774,4134353779,3824105627,3425386926
dimwishlist:item=2033531689&perks=1840239774,1087426260,243981275,3891536761
dimwishlist:item=2033531689&perks=1840239774,1087426260,243981275,3425386926
dimwishlist:item=2033531689&perks=1840239774,1087426260,3038247973,3891536761
dimwishlist:item=2033531689&perks=1840239774,1087426260,3038247973,3425386926
dimwishlist:item=2033531689&perks=1840239774,1087426260,3700496672,3891536761
dimwishlist:item=2033531689&perks=1840239774,1087426260,3700496672,3425386926
dimwishlist:item=2033531689&perks=1840239774,1087426260,3824105627,3891536761
dimwishlist:item=2033531689&perks=1840239774,1087426260,3824105627,3425386926
dimwishlist:item=2033531689&perks=1840239774,106909392,243981275,3891536761
dimwishlist:item=2033531689&perks=1840239774,106909392,243981275,3425386926
dimwishlist:item=2033531689&perks=1840239774,106909392,3038247973,3891536761
dimwishlist:item=2033531689&perks=1840239774,106909392,3038247973,3425386926
dimwishlist:item=2033531689&perks=1840239774,106909392,3700496672,3891536761
dimwishlist:item=2033531689&perks=1840239774,106909392,3700496672,3425386926
dimwishlist:item=2033531689&perks=1840239774,106909392,3824105627,3891536761
dimwishlist:item=2033531689&perks=1840239774,106909392,3824105627,3425386926
dimwishlist:item=2033531689&perks=1840239774,3230963543,243981275,3891536761
dimwishlist:item=2033531689&perks=1840239774,3230963543,243981275,3425386926
dimwishlist:item=2033531689&perks=1840239774,3230963543,3038247973,3891536761
dimwishlist:item=2033531689&perks=1840239774,3230963543,3038247973,3425386926
dimwishlist:item=2033531689&perks=1840239774,3230963543,3700496672,3891536761
dimwishlist:item=2033531689&perks=1840239774,3230963543,3700496672,3425386926
dimwishlist:item=2033531689&perks=1840239774,3230963543,3824105627,3891536761
dimwishlist:item=2033531689&perks=1840239774,3230963543,3824105627,3425386926


// Falling Guillotine - 陨落铡刀 (god-pve)
//notes: 优质双增伤涡流刀。 tags:god-pve
dimwishlist:item=2480871539&perks=243981275,2077819806
dimwishlist:item=2480871539&perks=243981275,1089671869
dimwishlist:item=2480871539&perks=243981275,3913600130
dimwishlist:item=2480871539&perks=243981275,3708227201
dimwishlist:item=2480871539&perks=1749209109,2077819806
dimwishlist:item=2480871539&perks=1749209109,1089671869
dimwishlist:item=2480871539&perks=1749209109,3913600130
dimwishlist:item=2480871539&perks=1749209109,3708227201
dimwishlist:item=2480871539&perks=4104185692,2077819806
dimwishlist:item=2480871539&perks=4104185692,1089671869
dimwishlist:item=2480871539&perks=4104185692,3913600130
dimwishlist:item=2480871539&perks=4104185692,3708227201
dimwishlist:item=2480871539&perks=1546637391,2077819806
dimwishlist:item=2480871539&perks=1546637391,1089671869
dimwishlist:item=2480871539&perks=1546637391,3913600130
dimwishlist:item=2480871539&perks=1546637391,3708227201


// Succession - 继承 (pve)
//notes: 约等于地窖的继承。比起上一版，三号位多了动能震颤，同时新猛攻版把转向删了。以及由于能刷T5，三号位的金中也有了存在价值。 tags:pve
dimwishlist:item=2731922624&perks=839105230,106909392,1523832109,469285294
dimwishlist:item=2731922624&perks=839105230,106909392,1523832109,3764420437
dimwishlist:item=2731922624&perks=839105230,106909392,1523832109,1771339417
dimwishlist:item=2731922624&perks=839105230,106909392,1556840489,469285294
dimwishlist:item=2731922624&perks=839105230,106909392,1556840489,3764420437
dimwishlist:item=2731922624&perks=839105230,106909392,1556840489,1771339417
dimwishlist:item=2731922624&perks=839105230,106909392,3891536761,469285294
dimwishlist:item=2731922624&perks=839105230,106909392,3891536761,3764420437
dimwishlist:item=2731922624&perks=839105230,106909392,3891536761,1771339417
dimwishlist:item=2731922624&perks=4090651448,106909392,1523832109,469285294
dimwishlist:item=2731922624&perks=4090651448,106909392,1523832109,3764420437
dimwishlist:item=2731922624&perks=4090651448,106909392,1523832109,1771339417
dimwishlist:item=2731922624&perks=4090651448,106909392,1556840489,469285294
dimwishlist:item=2731922624&perks=4090651448,106909392,1556840489,3764420437
dimwishlist:item=2731922624&perks=4090651448,106909392,1556840489,1771339417
dimwishlist:item=2731922624&perks=4090651448,106909392,3891536761,469285294
dimwishlist:item=2731922624&perks=4090651448,106909392,3891536761,3764420437
dimwishlist:item=2731922624&perks=4090651448,106909392,3891536761,1771339417
dimwishlist:item=2731922624&perks=1840239774,106909392,1523832109,469285294
dimwishlist:item=2731922624&perks=1840239774,106909392,1523832109,3764420437
dimwishlist:item=2731922624&perks=1840239774,106909392,1523832109,1771339417
dimwishlist:item=2731922624&perks=1840239774,106909392,1556840489,469285294
dimwishlist:item=2731922624&perks=1840239774,106909392,1556840489,3764420437
dimwishlist:item=2731922624&perks=1840239774,106909392,1556840489,1771339417
dimwishlist:item=2731922624&perks=1840239774,106909392,3891536761,469285294
dimwishlist:item=2731922624&perks=1840239774,106909392,3891536761,3764420437
dimwishlist:item=2731922624&perks=1840239774,106909392,3891536761,1771339417


// The Recluse - 隐士 ()
//notes: 整体池子比以前更好，注意用混沌重塑时无虚空联动不要用三号位前两个虚空perk
dimwishlist:item=3257283337&perks=839105230,3230963543,776531651,2048641572
dimwishlist:item=3257283337&perks=839105230,3230963543,776531651,3640170453
dimwishlist:item=3257283337&perks=839105230,3230963543,3182497402,2048641572
dimwishlist:item=3257283337&perks=839105230,3230963543,3182497402,3640170453
dimwishlist:item=3257283337&perks=839105230,3230963543,1888882410,2048641572
dimwishlist:item=3257283337&perks=839105230,3230963543,1888882410,3640170453
dimwishlist:item=3257283337&perks=839105230,106909392,776531651,2048641572
dimwishlist:item=3257283337&perks=839105230,106909392,776531651,3640170453
dimwishlist:item=3257283337&perks=839105230,106909392,3182497402,2048641572
dimwishlist:item=3257283337&perks=839105230,106909392,3182497402,3640170453
dimwishlist:item=3257283337&perks=839105230,106909392,1888882410,2048641572
dimwishlist:item=3257283337&perks=839105230,106909392,1888882410,3640170453
dimwishlist:item=3257283337&perks=4090651448,3230963543,776531651,2048641572
dimwishlist:item=3257283337&perks=4090651448,3230963543,776531651,3640170453
dimwishlist:item=3257283337&perks=4090651448,3230963543,3182497402,2048641572
dimwishlist:item=3257283337&perks=4090651448,3230963543,3182497402,3640170453
dimwishlist:item=3257283337&perks=4090651448,3230963543,1888882410,2048641572
dimwishlist:item=3257283337&perks=4090651448,3230963543,1888882410,3640170453
dimwishlist:item=3257283337&perks=4090651448,106909392,776531651,2048641572
dimwishlist:item=3257283337&perks=4090651448,106909392,776531651,3640170453
dimwishlist:item=3257283337&perks=4090651448,106909392,3182497402,2048641572
dimwishlist:item=3257283337&perks=4090651448,106909392,3182497402,3640170453
dimwishlist:item=3257283337&perks=4090651448,106909392,1888882410,2048641572
dimwishlist:item=3257283337&perks=4090651448,106909392,1888882410,3640170453
dimwishlist:item=3257283337&perks=1840239774,3230963543,776531651,2048641572
dimwishlist:item=3257283337&perks=1840239774,3230963543,776531651,3640170453
dimwishlist:item=3257283337&perks=1840239774,3230963543,3182497402,2048641572
dimwishlist:item=3257283337&perks=1840239774,3230963543,3182497402,3640170453
dimwishlist:item=3257283337&perks=1840239774,3230963543,1888882410,2048641572
dimwishlist:item=3257283337&perks=1840239774,3230963543,1888882410,3640170453
dimwishlist:item=3257283337&perks=1840239774,106909392,776531651,2048641572
dimwishlist:item=3257283337&perks=1840239774,106909392,776531651,3640170453
dimwishlist:item=3257283337&perks=1840239774,106909392,3182497402,2048641572
dimwishlist:item=3257283337&perks=1840239774,106909392,3182497402,3640170453
dimwishlist:item=3257283337&perks=1840239774,106909392,1888882410,2048641572
dimwishlist:item=3257283337&perks=1840239774,106909392,1888882410,3640170453
dimwishlist:item=3257283337&perks=3250034553,3230963543,776531651,2048641572
dimwishlist:item=3257283337&perks=3250034553,3230963543,776531651,3640170453
dimwishlist:item=3257283337&perks=3250034553,3230963543,3182497402,2048641572
dimwishlist:item=3257283337&perks=3250034553,3230963543,3182497402,3640170453
dimwishlist:item=3257283337&perks=3250034553,3230963543,1888882410,2048641572
dimwishlist:item=3257283337&perks=3250034553,3230963543,1888882410,3640170453
dimwishlist:item=3257283337&perks=3250034553,106909392,776531651,2048641572
dimwishlist:item=3257283337&perks=3250034553,106909392,776531651,3640170453
dimwishlist:item=3257283337&perks=3250034553,106909392,3182497402,2048641572
dimwishlist:item=3257283337&perks=3250034553,106909392,3182497402,3640170453
dimwishlist:item=3257283337&perks=3250034553,106909392,1888882410,2048641572
dimwishlist:item=3257283337&perks=3250034553,106909392,1888882410,3640170453
dimwishlist:item=3257283337&perks=1482024992,3230963543,776531651,2048641572
dimwishlist:item=3257283337&perks=1482024992,3230963543,776531651,3640170453
dimwishlist:item=3257283337&perks=1482024992,3230963543,3182497402,2048641572
dimwishlist:item=3257283337&perks=1482024992,3230963543,3182497402,3640170453
dimwishlist:item=3257283337&perks=1482024992,3230963543,1888882410,2048641572
dimwishlist:item=3257283337&perks=1482024992,3230963543,1888882410,3640170453
dimwishlist:item=3257283337&perks=1482024992,106909392,776531651,2048641572
dimwishlist:item=3257283337&perks=1482024992,106909392,776531651,3640170453
dimwishlist:item=3257283337&perks=1482024992,106909392,3182497402,2048641572
dimwishlist:item=3257283337&perks=1482024992,106909392,3182497402,3640170453
dimwishlist:item=3257283337&perks=1482024992,106909392,1888882410,2048641572
dimwishlist:item=3257283337&perks=1482024992,106909392,1888882410,3640170453


// Forbearance - 自制 (pve)
//notes: 顶级波形，功能性/清怪皆可。比上一版少了风暴涌动，三号位加了空扳和转向，四号位加了伏特。由于起源特性，虽然少了回血，爆破+泉源+不屈不挠回转要比门徒自制更好，空扳产子弹+伏特清怪电aoe也有存在的价值。 tags:pve
dimwishlist:item=3736001860&perks=1478423395,2822142346,3523296417,2173046394
dimwishlist:item=3736001860&perks=1478423395,2822142346,3523296417,2396489472
dimwishlist:item=3736001860&perks=1478423395,2822142346,3523296417,3592538738
dimwishlist:item=3736001860&perks=1478423395,2822142346,1421772400,2173046394
dimwishlist:item=3736001860&perks=1478423395,2822142346,1421772400,2396489472
dimwishlist:item=3736001860&perks=1478423395,2822142346,1421772400,3592538738
dimwishlist:item=3736001860&perks=1478423395,2822142346,3201496230,2173046394
dimwishlist:item=3736001860&perks=1478423395,2822142346,3201496230,2396489472
dimwishlist:item=3736001860&perks=1478423395,2822142346,3201496230,3592538738
dimwishlist:item=3736001860&perks=1844523823,2822142346,3523296417,2173046394
dimwishlist:item=3736001860&perks=1844523823,2822142346,3523296417,2396489472
dimwishlist:item=3736001860&perks=1844523823,2822142346,3523296417,3592538738
dimwishlist:item=3736001860&perks=1844523823,2822142346,1421772400,2173046394
dimwishlist:item=3736001860&perks=1844523823,2822142346,1421772400,2396489472
dimwishlist:item=3736001860&perks=1844523823,2822142346,1421772400,3592538738
dimwishlist:item=3736001860&perks=1844523823,2822142346,3201496230,2173046394
dimwishlist:item=3736001860&perks=1844523823,2822142346,3201496230,2396489472
dimwishlist:item=3736001860&perks=1844523823,2822142346,3201496230,3592538738
dimwishlist:item=3736001860&perks=1441682018,2822142346,3523296417,2173046394
dimwishlist:item=3736001860&perks=1441682018,2822142346,3523296417,2396489472
dimwishlist:item=3736001860&perks=1441682018,2822142346,3523296417,3592538738
dimwishlist:item=3736001860&perks=1441682018,2822142346,1421772400,2173046394
dimwishlist:item=3736001860&perks=1441682018,2822142346,1421772400,2396489472
dimwishlist:item=3736001860&perks=1441682018,2822142346,1421772400,3592538738
dimwishlist:item=3736001860&perks=1441682018,2822142346,3201496230,2173046394
dimwishlist:item=3736001860&perks=1441682018,2822142346,3201496230,2396489472
dimwishlist:item=3736001860&perks=1441682018,2822142346,3201496230,3592538738
dimwishlist:item=3736001860&perks=3525010810,2822142346,3523296417,2173046394
dimwishlist:item=3736001860&perks=3525010810,2822142346,3523296417,2396489472
dimwishlist:item=3736001860&perks=3525010810,2822142346,3523296417,3592538738
dimwishlist:item=3736001860&perks=3525010810,2822142346,1421772400,2173046394
dimwishlist:item=3736001860&perks=3525010810,2822142346,1421772400,2396489472
dimwishlist:item=3736001860&perks=3525010810,2822142346,1421772400,3592538738
dimwishlist:item=3736001860&perks=3525010810,2822142346,3201496230,2173046394
dimwishlist:item=3736001860&perks=3525010810,2822142346,3201496230,2396489472
dimwishlist:item=3736001860&perks=3525010810,2822142346,3201496230,3592538738
dimwishlist:item=3736001860&perks=3798852852,2822142346,3523296417,2173046394
dimwishlist:item=3736001860&perks=3798852852,2822142346,3523296417,2396489472
dimwishlist:item=3736001860&perks=3798852852,2822142346,3523296417,3592538738
dimwishlist:item=3736001860&perks=3798852852,2822142346,1421772400,2173046394
dimwishlist:item=3736001860&perks=3798852852,2822142346,1421772400,2396489472
dimwishlist:item=3736001860&perks=3798852852,2822142346,1421772400,3592538738
dimwishlist:item=3736001860&perks=3798852852,2822142346,3201496230,2173046394
dimwishlist:item=3736001860&perks=3798852852,2822142346,3201496230,2396489472
dimwishlist:item=3736001860&perks=3798852852,2822142346,3201496230,3592538738


// The Mountaintop - 山巅 (god-pve)
//notes: 主手唯一微型导弹。重组单次高爆发，输出打三发以内山巅也可以用重组，否则元素磨砺更好。脉冲可以增加手感，2号位粘弹给门徒看护人开门等特殊场合使用，平时尖刺或拉低爆炸范围的都行，可以留一把正常+粘弹的。 tags:god-pve
dimwishlist:item=3736001861&perks=1478423395,3373736292,3300816228,469285294
dimwishlist:item=3736001861&perks=1478423395,3373736292,3300816228,1089671869
dimwishlist:item=3736001861&perks=1478423395,3373736292,3300816228,1546637391
dimwishlist:item=3736001861&perks=1478423395,3373736292,951095735,469285294
dimwishlist:item=3736001861&perks=1478423395,3373736292,951095735,1089671869
dimwishlist:item=3736001861&perks=1478423395,3373736292,951095735,1546637391
dimwishlist:item=3736001861&perks=1478423395,3373736292,1556840489,469285294
dimwishlist:item=3736001861&perks=1478423395,3373736292,1556840489,1089671869
dimwishlist:item=3736001861&perks=1478423395,3373736292,1556840489,1546637391
dimwishlist:item=3736001861&perks=1478423395,3301904089,3300816228,469285294
dimwishlist:item=3736001861&perks=1478423395,3301904089,3300816228,1089671869
dimwishlist:item=3736001861&perks=1478423395,3301904089,3300816228,1546637391
dimwishlist:item=3736001861&perks=1478423395,3301904089,951095735,469285294
dimwishlist:item=3736001861&perks=1478423395,3301904089,951095735,1089671869
dimwishlist:item=3736001861&perks=1478423395,3301904089,951095735,1546637391
dimwishlist:item=3736001861&perks=1478423395,3301904089,1556840489,469285294
dimwishlist:item=3736001861&perks=1478423395,3301904089,1556840489,1089671869
dimwishlist:item=3736001861&perks=1478423395,3301904089,1556840489,1546637391
dimwishlist:item=3736001861&perks=1478423395,3492396210,3300816228,469285294
dimwishlist:item=3736001861&perks=1478423395,3492396210,3300816228,1089671869
dimwishlist:item=3736001861&perks=1478423395,3492396210,3300816228,1546637391
dimwishlist:item=3736001861&perks=1478423395,3492396210,951095735,469285294
dimwishlist:item=3736001861&perks=1478423395,3492396210,951095735,1089671869
dimwishlist:item=3736001861&perks=1478423395,3492396210,951095735,1546637391
dimwishlist:item=3736001861&perks=1478423395,3492396210,1556840489,469285294
dimwishlist:item=3736001861&perks=1478423395,3492396210,1556840489,1089671869
dimwishlist:item=3736001861&perks=1478423395,3492396210,1556840489,1546637391
dimwishlist:item=3736001861&perks=1478423395,2822142346,3300816228,469285294
dimwishlist:item=3736001861&perks=1478423395,2822142346,3300816228,1089671869
dimwishlist:item=3736001861&perks=1478423395,2822142346,3300816228,1546637391
dimwishlist:item=3736001861&perks=1478423395,2822142346,951095735,469285294
dimwishlist:item=3736001861&perks=1478423395,2822142346,951095735,1089671869
dimwishlist:item=3736001861&perks=1478423395,2822142346,951095735,1546637391
dimwishlist:item=3736001861&perks=1478423395,2822142346,1556840489,469285294
dimwishlist:item=3736001861&perks=1478423395,2822142346,1556840489,1089671869
dimwishlist:item=3736001861&perks=1478423395,2822142346,1556840489,1546637391
dimwishlist:item=3736001861&perks=981914802,3373736292,3300816228,469285294
dimwishlist:item=3736001861&perks=981914802,3373736292,3300816228,1089671869
dimwishlist:item=3736001861&perks=981914802,3373736292,3300816228,1546637391
dimwishlist:item=3736001861&perks=981914802,3373736292,951095735,469285294
dimwishlist:item=3736001861&perks=981914802,3373736292,951095735,1089671869
dimwishlist:item=3736001861&perks=981914802,3373736292,951095735,1546637391
dimwishlist:item=3736001861&perks=981914802,3373736292,1556840489,469285294
dimwishlist:item=3736001861&perks=981914802,3373736292,1556840489,1089671869
dimwishlist:item=3736001861&perks=981914802,3373736292,1556840489,1546637391
dimwishlist:item=3736001861&perks=981914802,3301904089,3300816228,469285294
dimwishlist:item=3736001861&perks=981914802,3301904089,3300816228,1089671869
dimwishlist:item=3736001861&perks=981914802,3301904089,3300816228,1546637391
dimwishlist:item=3736001861&perks=981914802,3301904089,951095735,469285294
dimwishlist:item=3736001861&perks=981914802,3301904089,951095735,1089671869
dimwishlist:item=3736001861&perks=981914802,3301904089,951095735,1546637391
dimwishlist:item=3736001861&perks=981914802,3301904089,1556840489,469285294
dimwishlist:item=3736001861&perks=981914802,3301904089,1556840489,1089671869
dimwishlist:item=3736001861&perks=981914802,3301904089,1556840489,1546637391
dimwishlist:item=3736001861&perks=981914802,3492396210,3300816228,469285294
dimwishlist:item=3736001861&perks=981914802,3492396210,3300816228,1089671869
dimwishlist:item=3736001861&perks=981914802,3492396210,3300816228,1546637391
dimwishlist:item=3736001861&perks=981914802,3492396210,951095735,469285294
dimwishlist:item=3736001861&perks=981914802,3492396210,951095735,1089671869
dimwishlist:item=3736001861&perks=981914802,3492396210,951095735,1546637391
dimwishlist:item=3736001861&perks=981914802,3492396210,1556840489,469285294
dimwishlist:item=3736001861&perks=981914802,3492396210,1556840489,1089671869
dimwishlist:item=3736001861&perks=981914802,3492396210,1556840489,1546637391
dimwishlist:item=3736001861&perks=981914802,2822142346,3300816228,469285294
dimwishlist:item=3736001861&perks=981914802,2822142346,3300816228,1089671869
dimwishlist:item=3736001861&perks=981914802,2822142346,3300816228,1546637391
dimwishlist:item=3736001861&perks=981914802,2822142346,951095735,469285294
dimwishlist:item=3736001861&perks=981914802,2822142346,951095735,1089671869
dimwishlist:item=3736001861&perks=981914802,2822142346,951095735,1546637391
dimwishlist:item=3736001861&perks=981914802,2822142346,1556840489,469285294
dimwishlist:item=3736001861&perks=981914802,2822142346,1556840489,1089671869
dimwishlist:item=3736001861&perks=981914802,2822142346,1556840489,1546637391
dimwishlist:item=3736001861&perks=1441682018,3373736292,3300816228,469285294
dimwishlist:item=3736001861&perks=1441682018,3373736292,3300816228,1089671869
dimwishlist:item=3736001861&perks=1441682018,3373736292,3300816228,1546637391
dimwishlist:item=3736001861&perks=1441682018,3373736292,951095735,469285294
dimwishlist:item=3736001861&perks=1441682018,3373736292,951095735,1089671869
dimwishlist:item=3736001861&perks=1441682018,3373736292,951095735,1546637391
dimwishlist:item=3736001861&perks=1441682018,3373736292,1556840489,469285294
dimwishlist:item=3736001861&perks=1441682018,3373736292,1556840489,1089671869
dimwishlist:item=3736001861&perks=1441682018,3373736292,1556840489,1546637391
dimwishlist:item=3736001861&perks=1441682018,3301904089,3300816228,469285294
dimwishlist:item=3736001861&perks=1441682018,3301904089,3300816228,1089671869
dimwishlist:item=3736001861&perks=1441682018,3301904089,3300816228,1546637391
dimwishlist:item=3736001861&perks=1441682018,3301904089,951095735,469285294
dimwishlist:item=3736001861&perks=1441682018,3301904089,951095735,1089671869
dimwishlist:item=3736001861&perks=1441682018,3301904089,951095735,1546637391
dimwishlist:item=3736001861&perks=1441682018,3301904089,1556840489,469285294
dimwishlist:item=3736001861&perks=1441682018,3301904089,1556840489,1089671869
dimwishlist:item=3736001861&perks=1441682018,3301904089,1556840489,1546637391
dimwishlist:item=3736001861&perks=1441682018,3492396210,3300816228,469285294
dimwishlist:item=3736001861&perks=1441682018,3492396210,3300816228,1089671869
dimwishlist:item=3736001861&perks=1441682018,3492396210,3300816228,1546637391
dimwishlist:item=3736001861&perks=1441682018,3492396210,951095735,469285294
dimwishlist:item=3736001861&perks=1441682018,3492396210,951095735,1089671869
dimwishlist:item=3736001861&perks=1441682018,3492396210,951095735,1546637391
dimwishlist:item=3736001861&perks=1441682018,3492396210,1556840489,469285294
dimwishlist:item=3736001861&perks=1441682018,3492396210,1556840489,1089671869
dimwishlist:item=3736001861&perks=1441682018,3492396210,1556840489,1546637391
dimwishlist:item=3736001861&perks=1441682018,2822142346,3300816228,469285294
dimwishlist:item=3736001861&perks=1441682018,2822142346,3300816228,1089671869
dimwishlist:item=3736001861&perks=1441682018,2822142346,3300816228,1546637391
dimwishlist:item=3736001861&perks=1441682018,2822142346,951095735,469285294
dimwishlist:item=3736001861&perks=1441682018,2822142346,951095735,1089671869
dimwishlist:item=3736001861&perks=1441682018,2822142346,951095735,1546637391
dimwishlist:item=3736001861&perks=1441682018,2822142346,1556840489,469285294
dimwishlist:item=3736001861&perks=1441682018,2822142346,1556840489,1089671869
dimwishlist:item=3736001861&perks=1441682018,2822142346,1556840489,1546637391
dimwishlist:item=3736001861&perks=3525010810,3373736292,3300816228,469285294
dimwishlist:item=3736001861&perks=3525010810,3373736292,3300816228,1089671869
dimwishlist:item=3736001861&perks=3525010810,3373736292,3300816228,1546637391
dimwishlist:item=3736001861&perks=3525010810,3373736292,951095735,469285294
dimwishlist:item=3736001861&perks=3525010810,3373736292,951095735,1089671869
dimwishlist:item=3736001861&perks=3525010810,3373736292,951095735,1546637391
dimwishlist:item=3736001861&perks=3525010810,3373736292,1556840489,469285294
dimwishlist:item=3736001861&perks=3525010810,3373736292,1556840489,1089671869
dimwishlist:item=3736001861&perks=3525010810,3373736292,1556840489,1546637391
dimwishlist:item=3736001861&perks=3525010810,3301904089,3300816228,469285294
dimwishlist:item=3736001861&perks=3525010810,3301904089,3300816228,1089671869
dimwishlist:item=3736001861&perks=3525010810,3301904089,3300816228,1546637391
dimwishlist:item=3736001861&perks=3525010810,3301904089,951095735,469285294
dimwishlist:item=3736001861&perks=3525010810,3301904089,951095735,1089671869
dimwishlist:item=3736001861&perks=3525010810,3301904089,951095735,1546637391
dimwishlist:item=3736001861&perks=3525010810,3301904089,1556840489,469285294
dimwishlist:item=3736001861&perks=3525010810,3301904089,1556840489,1089671869
dimwishlist:item=3736001861&perks=3525010810,3301904089,1556840489,1546637391
dimwishlist:item=3736001861&perks=3525010810,3492396210,3300816228,469285294
dimwishlist:item=3736001861&perks=3525010810,3492396210,3300816228,1089671869
dimwishlist:item=3736001861&perks=3525010810,3492396210,3300816228,1546637391
dimwishlist:item=3736001861&perks=3525010810,3492396210,951095735,469285294
dimwishlist:item=3736001861&perks=3525010810,3492396210,951095735,1089671869
dimwishlist:item=3736001861&perks=3525010810,3492396210,951095735,1546637391
dimwishlist:item=3736001861&perks=3525010810,3492396210,1556840489,469285294
dimwishlist:item=3736001861&perks=3525010810,3492396210,1556840489,1089671869
dimwishlist:item=3736001861&perks=3525010810,3492396210,1556840489,1546637391
dimwishlist:item=3736001861&perks=3525010810,2822142346,3300816228,469285294
dimwishlist:item=3736001861&perks=3525010810,2822142346,3300816228,1089671869
dimwishlist:item=3736001861&perks=3525010810,2822142346,3300816228,1546637391
dimwishlist:item=3736001861&perks=3525010810,2822142346,951095735,469285294
dimwishlist:item=3736001861&perks=3525010810,2822142346,951095735,1089671869
dimwishlist:item=3736001861&perks=3525010810,2822142346,951095735,1546637391
dimwishlist:item=3736001861&perks=3525010810,2822142346,1556840489,469285294
dimwishlist:item=3736001861&perks=3525010810,2822142346,1556840489,1089671869
dimwishlist:item=3736001861&perks=3525010810,2822142346,1556840489,1546637391
dimwishlist:item=3736001861&perks=3798852852,3373736292,3300816228,469285294
dimwishlist:item=3736001861&perks=3798852852,3373736292,3300816228,1089671869
dimwishlist:item=3736001861&perks=3798852852,3373736292,3300816228,1546637391
dimwishlist:item=3736001861&perks=3798852852,3373736292,951095735,469285294
dimwishlist:item=3736001861&perks=3798852852,3373736292,951095735,1089671869
dimwishlist:item=3736001861&perks=3798852852,3373736292,951095735,1546637391
dimwishlist:item=3736001861&perks=3798852852,3373736292,1556840489,469285294
dimwishlist:item=3736001861&perks=3798852852,3373736292,1556840489,1089671869
dimwishlist:item=3736001861&perks=3798852852,3373736292,1556840489,1546637391
dimwishlist:item=3736001861&perks=3798852852,3301904089,3300816228,469285294
dimwishlist:item=3736001861&perks=3798852852,3301904089,3300816228,1089671869
dimwishlist:item=3736001861&perks=3798852852,3301904089,3300816228,1546637391
dimwishlist:item=3736001861&perks=3798852852,3301904089,951095735,469285294
dimwishlist:item=3736001861&perks=3798852852,3301904089,951095735,1089671869
dimwishlist:item=3736001861&perks=3798852852,3301904089,951095735,1546637391
dimwishlist:item=3736001861&perks=3798852852,3301904089,1556840489,469285294
dimwishlist:item=3736001861&perks=3798852852,3301904089,1556840489,1089671869
dimwishlist:item=3736001861&perks=3798852852,3301904089,1556840489,1546637391
dimwishlist:item=3736001861&perks=3798852852,3492396210,3300816228,469285294
dimwishlist:item=3736001861&perks=3798852852,3492396210,3300816228,1089671869
dimwishlist:item=3736001861&perks=3798852852,3492396210,3300816228,1546637391
dimwishlist:item=3736001861&perks=3798852852,3492396210,951095735,469285294
dimwishlist:item=3736001861&perks=3798852852,3492396210,951095735,1089671869
dimwishlist:item=3736001861&perks=3798852852,3492396210,951095735,1546637391
dimwishlist:item=3736001861&perks=3798852852,3492396210,1556840489,469285294
dimwishlist:item=3736001861&perks=3798852852,3492396210,1556840489,1089671869
dimwishlist:item=3736001861&perks=3798852852,3492396210,1556840489,1546637391
dimwishlist:item=3736001861&perks=3798852852,2822142346,3300816228,469285294
dimwishlist:item=3736001861&perks=3798852852,2822142346,3300816228,1089671869
dimwishlist:item=3736001861&perks=3798852852,2822142346,3300816228,1546637391
dimwishlist:item=3736001861&perks=3798852852,2822142346,951095735,469285294
dimwishlist:item=3736001861&perks=3798852852,2822142346,951095735,1089671869
dimwishlist:item=3736001861&perks=3798852852,2822142346,951095735,1546637391
dimwishlist:item=3736001861&perks=3798852852,2822142346,1556840489,469285294
dimwishlist:item=3736001861&perks=3798852852,2822142346,1556840489,1089671869
dimwishlist:item=3736001861&perks=3798852852,2822142346,1556840489,1546637391


// Edge Transit - 边缘交通 (god-pve)
//notes: 顶级虚空输出榴弹。 tags:god-pve
dimwishlist:item=3736001863&perks=1478423395,3301904089,3300816228,3078487919
dimwishlist:item=3736001863&perks=1478423395,3301904089,3300816228,2888557110
dimwishlist:item=3736001863&perks=1478423395,3301904089,3300816228,3194351027
dimwishlist:item=3736001863&perks=1478423395,3301904089,3300816228,1089671869
dimwishlist:item=3736001863&perks=1478423395,3301904089,3987942396,3078487919
dimwishlist:item=3736001863&perks=1478423395,3301904089,3987942396,2888557110
dimwishlist:item=3736001863&perks=1478423395,3301904089,3987942396,3194351027
dimwishlist:item=3736001863&perks=1478423395,3301904089,3987942396,1089671869
dimwishlist:item=3736001863&perks=1478423395,3301904089,3751912585,3078487919
dimwishlist:item=3736001863&perks=1478423395,3301904089,3751912585,2888557110
dimwishlist:item=3736001863&perks=1478423395,3301904089,3751912585,3194351027
dimwishlist:item=3736001863&perks=1478423395,3301904089,3751912585,1089671869
dimwishlist:item=3736001863&perks=1478423395,409831596,3300816228,3078487919
dimwishlist:item=3736001863&perks=1478423395,409831596,3300816228,2888557110
dimwishlist:item=3736001863&perks=1478423395,409831596,3300816228,3194351027
dimwishlist:item=3736001863&perks=1478423395,409831596,3300816228,1089671869
dimwishlist:item=3736001863&perks=1478423395,409831596,3987942396,3078487919
dimwishlist:item=3736001863&perks=1478423395,409831596,3987942396,2888557110
dimwishlist:item=3736001863&perks=1478423395,409831596,3987942396,3194351027
dimwishlist:item=3736001863&perks=1478423395,409831596,3987942396,1089671869
dimwishlist:item=3736001863&perks=1478423395,409831596,3751912585,3078487919
dimwishlist:item=3736001863&perks=1478423395,409831596,3751912585,2888557110
dimwishlist:item=3736001863&perks=1478423395,409831596,3751912585,3194351027
dimwishlist:item=3736001863&perks=1478423395,409831596,3751912585,1089671869
dimwishlist:item=3736001863&perks=1441682018,3301904089,3300816228,3078487919
dimwishlist:item=3736001863&perks=1441682018,3301904089,3300816228,2888557110
dimwishlist:item=3736001863&perks=1441682018,3301904089,3300816228,3194351027
dimwishlist:item=3736001863&perks=1441682018,3301904089,3300816228,1089671869
dimwishlist:item=3736001863&perks=1441682018,3301904089,3987942396,3078487919
dimwishlist:item=3736001863&perks=1441682018,3301904089,3987942396,2888557110
dimwishlist:item=3736001863&perks=1441682018,3301904089,3987942396,3194351027
dimwishlist:item=3736001863&perks=1441682018,3301904089,3987942396,1089671869
dimwishlist:item=3736001863&perks=1441682018,3301904089,3751912585,3078487919
dimwishlist:item=3736001863&perks=1441682018,3301904089,3751912585,2888557110
dimwishlist:item=3736001863&perks=1441682018,3301904089,3751912585,3194351027
dimwishlist:item=3736001863&perks=1441682018,3301904089,3751912585,1089671869
dimwishlist:item=3736001863&perks=1441682018,409831596,3300816228,3078487919
dimwishlist:item=3736001863&perks=1441682018,409831596,3300816228,2888557110
dimwishlist:item=3736001863&perks=1441682018,409831596,3300816228,3194351027
dimwishlist:item=3736001863&perks=1441682018,409831596,3300816228,1089671869
dimwishlist:item=3736001863&perks=1441682018,409831596,3987942396,3078487919
dimwishlist:item=3736001863&perks=1441682018,409831596,3987942396,2888557110
dimwishlist:item=3736001863&perks=1441682018,409831596,3987942396,3194351027
dimwishlist:item=3736001863&perks=1441682018,409831596,3987942396,1089671869
dimwishlist:item=3736001863&perks=1441682018,409831596,3751912585,3078487919
dimwishlist:item=3736001863&perks=1441682018,409831596,3751912585,2888557110
dimwishlist:item=3736001863&perks=1441682018,409831596,3751912585,3194351027
dimwishlist:item=3736001863&perks=1441682018,409831596,3751912585,1089671869
dimwishlist:item=3736001863&perks=3525010810,3301904089,3300816228,3078487919
dimwishlist:item=3736001863&perks=3525010810,3301904089,3300816228,2888557110
dimwishlist:item=3736001863&perks=3525010810,3301904089,3300816228,3194351027
dimwishlist:item=3736001863&perks=3525010810,3301904089,3300816228,1089671869
dimwishlist:item=3736001863&perks=3525010810,3301904089,3987942396,3078487919
dimwishlist:item=3736001863&perks=3525010810,3301904089,3987942396,2888557110
dimwishlist:item=3736001863&perks=3525010810,3301904089,3987942396,3194351027
dimwishlist:item=3736001863&perks=3525010810,3301904089,3987942396,1089671869
dimwishlist:item=3736001863&perks=3525010810,3301904089,3751912585,3078487919
dimwishlist:item=3736001863&perks=3525010810,3301904089,3751912585,2888557110
dimwishlist:item=3736001863&perks=3525010810,3301904089,3751912585,3194351027
dimwishlist:item=3736001863&perks=3525010810,3301904089,3751912585,1089671869
dimwishlist:item=3736001863&perks=3525010810,409831596,3300816228,3078487919
dimwishlist:item=3736001863&perks=3525010810,409831596,3300816228,2888557110
dimwishlist:item=3736001863&perks=3525010810,409831596,3300816228,3194351027
dimwishlist:item=3736001863&perks=3525010810,409831596,3300816228,1089671869
dimwishlist:item=3736001863&perks=3525010810,409831596,3987942396,3078487919
dimwishlist:item=3736001863&perks=3525010810,409831596,3987942396,2888557110
dimwishlist:item=3736001863&perks=3525010810,409831596,3987942396,3194351027
dimwishlist:item=3736001863&perks=3525010810,409831596,3987942396,1089671869
dimwishlist:item=3736001863&perks=3525010810,409831596,3751912585,3078487919
dimwishlist:item=3736001863&perks=3525010810,409831596,3751912585,2888557110
dimwishlist:item=3736001863&perks=3525010810,409831596,3751912585,3194351027
dimwishlist:item=3736001863&perks=3525010810,409831596,3751912585,1089671869
dimwishlist:item=3736001863&perks=3798852852,3301904089,3300816228,3078487919
dimwishlist:item=3736001863&perks=3798852852,3301904089,3300816228,2888557110
dimwishlist:item=3736001863&perks=3798852852,3301904089,3300816228,3194351027
dimwishlist:item=3736001863&perks=3798852852,3301904089,3300816228,1089671869
dimwishlist:item=3736001863&perks=3798852852,3301904089,3987942396,3078487919
dimwishlist:item=3736001863&perks=3798852852,3301904089,3987942396,2888557110
dimwishlist:item=3736001863&perks=3798852852,3301904089,3987942396,3194351027
dimwishlist:item=3736001863&perks=3798852852,3301904089,3987942396,1089671869
dimwishlist:item=3736001863&perks=3798852852,3301904089,3751912585,3078487919
dimwishlist:item=3736001863&perks=3798852852,3301904089,3751912585,2888557110
dimwishlist:item=3736001863&perks=3798852852,3301904089,3751912585,3194351027
dimwishlist:item=3736001863&perks=3798852852,3301904089,3751912585,1089671869
dimwishlist:item=3736001863&perks=3798852852,409831596,3300816228,3078487919
dimwishlist:item=3736001863&perks=3798852852,409831596,3300816228,2888557110
dimwishlist:item=3736001863&perks=3798852852,409831596,3300816228,3194351027
dimwishlist:item=3736001863&perks=3798852852,409831596,3300816228,1089671869
dimwishlist:item=3736001863&perks=3798852852,409831596,3987942396,3078487919
dimwishlist:item=3736001863&perks=3798852852,409831596,3987942396,2888557110
dimwishlist:item=3736001863&perks=3798852852,409831596,3987942396,3194351027
dimwishlist:item=3736001863&perks=3798852852,409831596,3987942396,1089671869
dimwishlist:item=3736001863&perks=3798852852,409831596,3751912585,3078487919
dimwishlist:item=3736001863&perks=3798852852,409831596,3751912585,2888557110
dimwishlist:item=3736001863&perks=3798852852,409831596,3751912585,3194351027
dimwishlist:item=3736001863&perks=3798852852,409831596,3751912585,1089671869


