title:凯旋赛季 自动步枪-精选perk
description:凯旋赛季 (自动步枪-精选perk)

// Snipehunt Mk. 47 - 狙猎Mk.47 (pve)
//notes: 狙猎Mk.47     Lv.A tags:pve
dimwishlist:item=193009988&perks=839105230,1561002382,3966416502,243981275
dimwishlist:item=193009988&perks=839105230,1561002382,3966416502,2173046394
dimwishlist:item=193009988&perks=839105230,1561002382,3966416502,3640170453
dimwishlist:item=193009988&perks=839105230,1561002382,3966416502,3218042543
dimwishlist:item=193009988&perks=839105230,1885400500,3966416502,243981275
dimwishlist:item=193009988&perks=839105230,1885400500,3966416502,2173046394
dimwishlist:item=193009988&perks=839105230,1885400500,3966416502,3640170453
dimwishlist:item=193009988&perks=839105230,1885400500,3966416502,3218042543
dimwishlist:item=193009988&perks=839105230,3230963543,3966416502,243981275
dimwishlist:item=193009988&perks=839105230,3230963543,3966416502,2173046394
dimwishlist:item=193009988&perks=839105230,3230963543,3966416502,3640170453
dimwishlist:item=193009988&perks=839105230,3230963543,3966416502,3218042543
dimwishlist:item=193009988&perks=839105230,679225683,3966416502,243981275
dimwishlist:item=193009988&perks=839105230,679225683,3966416502,2173046394
dimwishlist:item=193009988&perks=839105230,679225683,3966416502,3640170453
dimwishlist:item=193009988&perks=839105230,679225683,3966416502,3218042543
dimwishlist:item=193009988&perks=839105230,106909392,3966416502,243981275
dimwishlist:item=193009988&perks=839105230,106909392,3966416502,2173046394
dimwishlist:item=193009988&perks=839105230,106909392,3966416502,3640170453
dimwishlist:item=193009988&perks=839105230,106909392,3966416502,3218042543
dimwishlist:item=193009988&perks=1840239774,1561002382,3966416502,243981275
dimwishlist:item=193009988&perks=1840239774,1561002382,3966416502,2173046394
dimwishlist:item=193009988&perks=1840239774,1561002382,3966416502,3640170453
dimwishlist:item=193009988&perks=1840239774,1561002382,3966416502,3218042543
dimwishlist:item=193009988&perks=1840239774,1885400500,3966416502,243981275
dimwishlist:item=193009988&perks=1840239774,1885400500,3966416502,2173046394
dimwishlist:item=193009988&perks=1840239774,1885400500,3966416502,3640170453
dimwishlist:item=193009988&perks=1840239774,1885400500,3966416502,3218042543
dimwishlist:item=193009988&perks=1840239774,3230963543,3966416502,243981275
dimwishlist:item=193009988&perks=1840239774,3230963543,3966416502,2173046394
dimwishlist:item=193009988&perks=1840239774,3230963543,3966416502,3640170453
dimwishlist:item=193009988&perks=1840239774,3230963543,3966416502,3218042543
dimwishlist:item=193009988&perks=1840239774,679225683,3966416502,243981275
dimwishlist:item=193009988&perks=1840239774,679225683,3966416502,2173046394
dimwishlist:item=193009988&perks=1840239774,679225683,3966416502,3640170453
dimwishlist:item=193009988&perks=1840239774,679225683,3966416502,3218042543
dimwishlist:item=193009988&perks=1840239774,106909392,3966416502,243981275
dimwishlist:item=193009988&perks=1840239774,106909392,3966416502,2173046394
dimwishlist:item=193009988&perks=1840239774,106909392,3966416502,3640170453
dimwishlist:item=193009988&perks=1840239774,106909392,3966416502,3218042543


// Gnawing Hunger - 痛苦的饥饿 (pve)
//notes: 痛苦的饥饿    Lv.S tags:pve
dimwishlist:item=214545213&perks=839105230,3142289711,776531651,2048641572
dimwishlist:item=214545213&perks=839105230,3142289711,776531651,3081867624
dimwishlist:item=214545213&perks=839105230,3142289711,1134488199,2048641572
dimwishlist:item=214545213&perks=839105230,3142289711,1134488199,3081867624
dimwishlist:item=214545213&perks=839105230,4134353779,776531651,2048641572
dimwishlist:item=214545213&perks=839105230,4134353779,776531651,3081867624
dimwishlist:item=214545213&perks=839105230,4134353779,1134488199,2048641572
dimwishlist:item=214545213&perks=839105230,4134353779,1134488199,3081867624
dimwishlist:item=214545213&perks=839105230,106909392,776531651,2048641572
dimwishlist:item=214545213&perks=839105230,106909392,776531651,3081867624
dimwishlist:item=214545213&perks=839105230,106909392,1134488199,2048641572
dimwishlist:item=214545213&perks=839105230,106909392,1134488199,3081867624
dimwishlist:item=214545213&perks=839105230,3177308360,776531651,2048641572
dimwishlist:item=214545213&perks=839105230,3177308360,776531651,3081867624
dimwishlist:item=214545213&perks=839105230,3177308360,1134488199,2048641572
dimwishlist:item=214545213&perks=839105230,3177308360,1134488199,3081867624
dimwishlist:item=214545213&perks=839105230,3230963543,776531651,2048641572
dimwishlist:item=214545213&perks=839105230,3230963543,776531651,3081867624
dimwishlist:item=214545213&perks=839105230,3230963543,1134488199,2048641572
dimwishlist:item=214545213&perks=839105230,3230963543,1134488199,3081867624
dimwishlist:item=214545213&perks=4090651448,3142289711,776531651,2048641572
dimwishlist:item=214545213&perks=4090651448,3142289711,776531651,3081867624
dimwishlist:item=214545213&perks=4090651448,3142289711,1134488199,2048641572
dimwishlist:item=214545213&perks=4090651448,3142289711,1134488199,3081867624
dimwishlist:item=214545213&perks=4090651448,4134353779,776531651,2048641572
dimwishlist:item=214545213&perks=4090651448,4134353779,776531651,3081867624
dimwishlist:item=214545213&perks=4090651448,4134353779,1134488199,2048641572
dimwishlist:item=214545213&perks=4090651448,4134353779,1134488199,3081867624
dimwishlist:item=214545213&perks=4090651448,106909392,776531651,2048641572
dimwishlist:item=214545213&perks=4090651448,106909392,776531651,3081867624
dimwishlist:item=214545213&perks=4090651448,106909392,1134488199,2048641572
dimwishlist:item=214545213&perks=4090651448,106909392,1134488199,3081867624
dimwishlist:item=214545213&perks=4090651448,3177308360,776531651,2048641572
dimwishlist:item=214545213&perks=4090651448,3177308360,776531651,3081867624
dimwishlist:item=214545213&perks=4090651448,3177308360,1134488199,2048641572
dimwishlist:item=214545213&perks=4090651448,3177308360,1134488199,3081867624
dimwishlist:item=214545213&perks=4090651448,3230963543,776531651,2048641572
dimwishlist:item=214545213&perks=4090651448,3230963543,776531651,3081867624
dimwishlist:item=214545213&perks=4090651448,3230963543,1134488199,2048641572
dimwishlist:item=214545213&perks=4090651448,3230963543,1134488199,3081867624
dimwishlist:item=214545213&perks=1840239774,3142289711,776531651,2048641572
dimwishlist:item=214545213&perks=1840239774,3142289711,776531651,3081867624
dimwishlist:item=214545213&perks=1840239774,3142289711,1134488199,2048641572
dimwishlist:item=214545213&perks=1840239774,3142289711,1134488199,3081867624
dimwishlist:item=214545213&perks=1840239774,4134353779,776531651,2048641572
dimwishlist:item=214545213&perks=1840239774,4134353779,776531651,3081867624
dimwishlist:item=214545213&perks=1840239774,4134353779,1134488199,2048641572
dimwishlist:item=214545213&perks=1840239774,4134353779,1134488199,3081867624
dimwishlist:item=214545213&perks=1840239774,106909392,776531651,2048641572
dimwishlist:item=214545213&perks=1840239774,106909392,776531651,3081867624
dimwishlist:item=214545213&perks=1840239774,106909392,1134488199,2048641572
dimwishlist:item=214545213&perks=1840239774,106909392,1134488199,3081867624
dimwishlist:item=214545213&perks=1840239774,3177308360,776531651,2048641572
dimwishlist:item=214545213&perks=1840239774,3177308360,776531651,3081867624
dimwishlist:item=214545213&perks=1840239774,3177308360,1134488199,2048641572
dimwishlist:item=214545213&perks=1840239774,3177308360,1134488199,3081867624
dimwishlist:item=214545213&perks=1840239774,3230963543,776531651,2048641572
dimwishlist:item=214545213&perks=1840239774,3230963543,776531651,3081867624
dimwishlist:item=214545213&perks=1840239774,3230963543,1134488199,2048641572
dimwishlist:item=214545213&perks=1840239774,3230963543,1134488199,3081867624
dimwishlist:item=214545213&perks=1392496348,3142289711,776531651,2048641572
dimwishlist:item=214545213&perks=1392496348,3142289711,776531651,3081867624
dimwishlist:item=214545213&perks=1392496348,3142289711,1134488199,2048641572
dimwishlist:item=214545213&perks=1392496348,3142289711,1134488199,3081867624
dimwishlist:item=214545213&perks=1392496348,4134353779,776531651,2048641572
dimwishlist:item=214545213&perks=1392496348,4134353779,776531651,3081867624
dimwishlist:item=214545213&perks=1392496348,4134353779,1134488199,2048641572
dimwishlist:item=214545213&perks=1392496348,4134353779,1134488199,3081867624
dimwishlist:item=214545213&perks=1392496348,106909392,776531651,2048641572
dimwishlist:item=214545213&perks=1392496348,106909392,776531651,3081867624
dimwishlist:item=214545213&perks=1392496348,106909392,1134488199,2048641572
dimwishlist:item=214545213&perks=1392496348,106909392,1134488199,3081867624
dimwishlist:item=214545213&perks=1392496348,3177308360,776531651,2048641572
dimwishlist:item=214545213&perks=1392496348,3177308360,776531651,3081867624
dimwishlist:item=214545213&perks=1392496348,3177308360,1134488199,2048641572
dimwishlist:item=214545213&perks=1392496348,3177308360,1134488199,3081867624
dimwishlist:item=214545213&perks=1392496348,3230963543,776531651,2048641572
dimwishlist:item=214545213&perks=1392496348,3230963543,776531651,3081867624
dimwishlist:item=214545213&perks=1392496348,3230963543,1134488199,2048641572
dimwishlist:item=214545213&perks=1392496348,3230963543,1134488199,3081867624
dimwishlist:item=214545213&perks=1482024992,3142289711,776531651,2048641572
dimwishlist:item=214545213&perks=1482024992,3142289711,776531651,3081867624
dimwishlist:item=214545213&perks=1482024992,3142289711,1134488199,2048641572
dimwishlist:item=214545213&perks=1482024992,3142289711,1134488199,3081867624
dimwishlist:item=214545213&perks=1482024992,4134353779,776531651,2048641572
dimwishlist:item=214545213&perks=1482024992,4134353779,776531651,3081867624
dimwishlist:item=214545213&perks=1482024992,4134353779,1134488199,2048641572
dimwishlist:item=214545213&perks=1482024992,4134353779,1134488199,3081867624
dimwishlist:item=214545213&perks=1482024992,106909392,776531651,2048641572
dimwishlist:item=214545213&perks=1482024992,106909392,776531651,3081867624
dimwishlist:item=214545213&perks=1482024992,106909392,1134488199,2048641572
dimwishlist:item=214545213&perks=1482024992,106909392,1134488199,3081867624
dimwishlist:item=214545213&perks=1482024992,3177308360,776531651,2048641572
dimwishlist:item=214545213&perks=1482024992,3177308360,776531651,3081867624
dimwishlist:item=214545213&perks=1482024992,3177308360,1134488199,2048641572
dimwishlist:item=214545213&perks=1482024992,3177308360,1134488199,3081867624
dimwishlist:item=214545213&perks=1482024992,3230963543,776531651,2048641572
dimwishlist:item=214545213&perks=1482024992,3230963543,776531651,3081867624
dimwishlist:item=214545213&perks=1482024992,3230963543,1134488199,2048641572
dimwishlist:item=214545213&perks=1482024992,3230963543,1134488199,3081867624


// The Riposte - 还击者 (pve)
//notes: 还击者     Lv.S tags:pve
dimwishlist:item=866434750&perks=839105230,1431678320,776531651,2048641572
dimwishlist:item=866434750&perks=839105230,1431678320,3182497402,2048641572
dimwishlist:item=866434750&perks=839105230,1431678320,1464081238,2048641572
dimwishlist:item=866434750&perks=839105230,1561002382,776531651,2048641572
dimwishlist:item=866434750&perks=839105230,1561002382,3182497402,2048641572
dimwishlist:item=866434750&perks=839105230,1561002382,1464081238,2048641572
dimwishlist:item=866434750&perks=839105230,3230963543,776531651,2048641572
dimwishlist:item=866434750&perks=839105230,3230963543,3182497402,2048641572
dimwishlist:item=866434750&perks=839105230,3230963543,1464081238,2048641572
dimwishlist:item=866434750&perks=839105230,106909392,776531651,2048641572
dimwishlist:item=866434750&perks=839105230,106909392,3182497402,2048641572
dimwishlist:item=866434750&perks=839105230,106909392,1464081238,2048641572
dimwishlist:item=866434750&perks=1840239774,1431678320,776531651,2048641572
dimwishlist:item=866434750&perks=1840239774,1431678320,3182497402,2048641572
dimwishlist:item=866434750&perks=1840239774,1431678320,1464081238,2048641572
dimwishlist:item=866434750&perks=1840239774,1561002382,776531651,2048641572
dimwishlist:item=866434750&perks=1840239774,1561002382,3182497402,2048641572
dimwishlist:item=866434750&perks=1840239774,1561002382,1464081238,2048641572
dimwishlist:item=866434750&perks=1840239774,3230963543,776531651,2048641572
dimwishlist:item=866434750&perks=1840239774,3230963543,3182497402,2048641572
dimwishlist:item=866434750&perks=1840239774,3230963543,1464081238,2048641572
dimwishlist:item=866434750&perks=1840239774,106909392,776531651,2048641572
dimwishlist:item=866434750&perks=1840239774,106909392,3182497402,2048641572
dimwishlist:item=866434750&perks=1840239774,106909392,1464081238,2048641572


// The Riposte - 还击者 (pve)
//notes: 还击者    Lv,S tags:pve
dimwishlist:item=866434750&perks=839105230,1431678320,1464081238,2109543898
dimwishlist:item=866434750&perks=839105230,1431678320,3182497402,2109543898
dimwishlist:item=866434750&perks=839105230,1561002382,1464081238,2109543898
dimwishlist:item=866434750&perks=839105230,1561002382,3182497402,2109543898
dimwishlist:item=866434750&perks=839105230,3230963543,1464081238,2109543898
dimwishlist:item=866434750&perks=839105230,3230963543,3182497402,2109543898
dimwishlist:item=866434750&perks=839105230,106909392,1464081238,2109543898
dimwishlist:item=866434750&perks=839105230,106909392,3182497402,2109543898
dimwishlist:item=866434750&perks=1840239774,1431678320,1464081238,2109543898
dimwishlist:item=866434750&perks=1840239774,1431678320,3182497402,2109543898
dimwishlist:item=866434750&perks=1840239774,1561002382,1464081238,2109543898
dimwishlist:item=866434750&perks=1840239774,1561002382,3182497402,2109543898
dimwishlist:item=866434750&perks=1840239774,3230963543,1464081238,2109543898
dimwishlist:item=866434750&perks=1840239774,3230963543,3182497402,2109543898
dimwishlist:item=866434750&perks=1840239774,106909392,1464081238,2109543898
dimwishlist:item=866434750&perks=1840239774,106909392,3182497402,2109543898


// Chrysura Melo - 光鳃之调 (pve)
//notes: 光鳃之调    Lv.A tags:pve
dimwishlist:item=1750388538&perks=839105230,106909392,2980589453,2173046394
dimwishlist:item=1750388538&perks=839105230,106909392,2980589453,243981275
dimwishlist:item=1750388538&perks=839105230,106909392,3966416502,2173046394
dimwishlist:item=1750388538&perks=839105230,106909392,3966416502,243981275
dimwishlist:item=1750388538&perks=839105230,3230963543,2980589453,2173046394
dimwishlist:item=1750388538&perks=839105230,3230963543,2980589453,243981275
dimwishlist:item=1750388538&perks=839105230,3230963543,3966416502,2173046394
dimwishlist:item=1750388538&perks=839105230,3230963543,3966416502,243981275
dimwishlist:item=1750388538&perks=839105230,1885400500,2980589453,2173046394
dimwishlist:item=1750388538&perks=839105230,1885400500,2980589453,243981275
dimwishlist:item=1750388538&perks=839105230,1885400500,3966416502,2173046394
dimwishlist:item=1750388538&perks=839105230,1885400500,3966416502,243981275
dimwishlist:item=1750388538&perks=1840239774,106909392,2980589453,2173046394
dimwishlist:item=1750388538&perks=1840239774,106909392,2980589453,243981275
dimwishlist:item=1750388538&perks=1840239774,106909392,3966416502,2173046394
dimwishlist:item=1750388538&perks=1840239774,106909392,3966416502,243981275
dimwishlist:item=1750388538&perks=1840239774,3230963543,2980589453,2173046394
dimwishlist:item=1750388538&perks=1840239774,3230963543,2980589453,243981275
dimwishlist:item=1750388538&perks=1840239774,3230963543,3966416502,2173046394
dimwishlist:item=1750388538&perks=1840239774,3230963543,3966416502,243981275
dimwishlist:item=1750388538&perks=1840239774,1885400500,2980589453,2173046394
dimwishlist:item=1750388538&perks=1840239774,1885400500,2980589453,243981275
dimwishlist:item=1750388538&perks=1840239774,1885400500,3966416502,2173046394
dimwishlist:item=1750388538&perks=1840239774,1885400500,3966416502,243981275


// Reckless Oracle - 鲁莽神谕 (pve)
//notes: 鲁莽神谕.3    Lv.S tags:pve
dimwishlist:item=1802315656&perks=839105230,3230963543,2048641572,776531651
dimwishlist:item=1802315656&perks=839105230,106909392,2048641572,776531651
dimwishlist:item=1802315656&perks=839105230,1885400500,2048641572,776531651
dimwishlist:item=1802315656&perks=839105230,679225683,2048641572,776531651
dimwishlist:item=1802315656&perks=1840239774,3230963543,2048641572,776531651
dimwishlist:item=1802315656&perks=1840239774,106909392,2048641572,776531651
dimwishlist:item=1802315656&perks=1840239774,1885400500,2048641572,776531651
dimwishlist:item=1802315656&perks=1840239774,679225683,2048641572,776531651


// Reckless Oracle - 鲁莽神谕 (pve)
//notes: 鲁莽神谕.3    Lv.S tags:pve
dimwishlist:item=1802315656&perks=839105230,1431678320,2048641572,3640170453
dimwishlist:item=1802315656&perks=839105230,1431678320,2048641572,1134488199
dimwishlist:item=1802315656&perks=839105230,1431678320,3182497402,3640170453
dimwishlist:item=1802315656&perks=839105230,1431678320,3182497402,1134488199
dimwishlist:item=1802315656&perks=839105230,1431678320,4019266109,3640170453
dimwishlist:item=1802315656&perks=839105230,1431678320,4019266109,1134488199
dimwishlist:item=1802315656&perks=839105230,3230963543,2048641572,3640170453
dimwishlist:item=1802315656&perks=839105230,3230963543,2048641572,1134488199
dimwishlist:item=1802315656&perks=839105230,3230963543,3182497402,3640170453
dimwishlist:item=1802315656&perks=839105230,3230963543,3182497402,1134488199
dimwishlist:item=1802315656&perks=839105230,3230963543,4019266109,3640170453
dimwishlist:item=1802315656&perks=839105230,3230963543,4019266109,1134488199
dimwishlist:item=1802315656&perks=839105230,106909392,2048641572,3640170453
dimwishlist:item=1802315656&perks=839105230,106909392,2048641572,1134488199
dimwishlist:item=1802315656&perks=839105230,106909392,3182497402,3640170453
dimwishlist:item=1802315656&perks=839105230,106909392,3182497402,1134488199
dimwishlist:item=1802315656&perks=839105230,106909392,4019266109,3640170453
dimwishlist:item=1802315656&perks=839105230,106909392,4019266109,1134488199
dimwishlist:item=1802315656&perks=839105230,1561002382,2048641572,3640170453
dimwishlist:item=1802315656&perks=839105230,1561002382,2048641572,1134488199
dimwishlist:item=1802315656&perks=839105230,1561002382,3182497402,3640170453
dimwishlist:item=1802315656&perks=839105230,1561002382,3182497402,1134488199
dimwishlist:item=1802315656&perks=839105230,1561002382,4019266109,3640170453
dimwishlist:item=1802315656&perks=839105230,1561002382,4019266109,1134488199
dimwishlist:item=1802315656&perks=1840239774,1431678320,2048641572,3640170453
dimwishlist:item=1802315656&perks=1840239774,1431678320,2048641572,1134488199
dimwishlist:item=1802315656&perks=1840239774,1431678320,3182497402,3640170453
dimwishlist:item=1802315656&perks=1840239774,1431678320,3182497402,1134488199
dimwishlist:item=1802315656&perks=1840239774,1431678320,4019266109,3640170453
dimwishlist:item=1802315656&perks=1840239774,1431678320,4019266109,1134488199
dimwishlist:item=1802315656&perks=1840239774,3230963543,2048641572,3640170453
dimwishlist:item=1802315656&perks=1840239774,3230963543,2048641572,1134488199
dimwishlist:item=1802315656&perks=1840239774,3230963543,3182497402,3640170453
dimwishlist:item=1802315656&perks=1840239774,3230963543,3182497402,1134488199
dimwishlist:item=1802315656&perks=1840239774,3230963543,4019266109,3640170453
dimwishlist:item=1802315656&perks=1840239774,3230963543,4019266109,1134488199
dimwishlist:item=1802315656&perks=1840239774,106909392,2048641572,3640170453
dimwishlist:item=1802315656&perks=1840239774,106909392,2048641572,1134488199
dimwishlist:item=1802315656&perks=1840239774,106909392,3182497402,3640170453
dimwishlist:item=1802315656&perks=1840239774,106909392,3182497402,1134488199
dimwishlist:item=1802315656&perks=1840239774,106909392,4019266109,3640170453
dimwishlist:item=1802315656&perks=1840239774,106909392,4019266109,1134488199
dimwishlist:item=1802315656&perks=1840239774,1561002382,2048641572,3640170453
dimwishlist:item=1802315656&perks=1840239774,1561002382,2048641572,1134488199
dimwishlist:item=1802315656&perks=1840239774,1561002382,3182497402,3640170453
dimwishlist:item=1802315656&perks=1840239774,1561002382,3182497402,1134488199
dimwishlist:item=1802315656&perks=1840239774,1561002382,4019266109,3640170453
dimwishlist:item=1802315656&perks=1840239774,1561002382,4019266109,1134488199


// Positive Outlook - 光明前景 (pve)
//notes: 光明前景2    Lv.S tags:pve
dimwishlist:item=1832481283&perks=839105230,1431678320,1134488199,2048641572
dimwishlist:item=1832481283&perks=839105230,1431678320,776531651,2048641572
dimwishlist:item=1832481283&perks=839105230,1561002382,1134488199,2048641572
dimwishlist:item=1832481283&perks=839105230,1561002382,776531651,2048641572
dimwishlist:item=1832481283&perks=839105230,3230963543,1134488199,2048641572
dimwishlist:item=1832481283&perks=839105230,3230963543,776531651,2048641572
dimwishlist:item=1832481283&perks=839105230,106909392,1134488199,2048641572
dimwishlist:item=1832481283&perks=839105230,106909392,776531651,2048641572
dimwishlist:item=1832481283&perks=1840239774,1431678320,1134488199,2048641572
dimwishlist:item=1832481283&perks=1840239774,1431678320,776531651,2048641572
dimwishlist:item=1832481283&perks=1840239774,1561002382,1134488199,2048641572
dimwishlist:item=1832481283&perks=1840239774,1561002382,776531651,2048641572
dimwishlist:item=1832481283&perks=1840239774,3230963543,1134488199,2048641572
dimwishlist:item=1832481283&perks=1840239774,3230963543,776531651,2048641572
dimwishlist:item=1832481283&perks=1840239774,106909392,1134488199,2048641572
dimwishlist:item=1832481283&perks=1840239774,106909392,776531651,2048641572


// Positive Outlook - 光明前景 ()
//notes: 光明前景.2    Lv.S
dimwishlist:item=1832481283&perks=839105230,1431678320,1134488199,2305480722
dimwishlist:item=1832481283&perks=839105230,1561002382,1134488199,2305480722
dimwishlist:item=1832481283&perks=839105230,3230963543,1134488199,2305480722
dimwishlist:item=1832481283&perks=839105230,106909392,1134488199,2305480722
dimwishlist:item=1832481283&perks=1840239774,1431678320,1134488199,2305480722
dimwishlist:item=1832481283&perks=1840239774,1561002382,1134488199,2305480722
dimwishlist:item=1832481283&perks=1840239774,3230963543,1134488199,2305480722
dimwishlist:item=1832481283&perks=1840239774,106909392,1134488199,2305480722


// DECATUR 02 - 迪凯特02 (pve)
//notes: Lv.S tags:pve
dimwishlist:item=1850748385&perks=839105230,3142289711,2980589453,692399809
dimwishlist:item=1850748385&perks=839105230,3142289711,2980589453,3081867624
dimwishlist:item=1850748385&perks=839105230,3142289711,2980589453,3201496230
dimwishlist:item=1850748385&perks=839105230,3142289711,2922950962,692399809
dimwishlist:item=1850748385&perks=839105230,3142289711,2922950962,3081867624
dimwishlist:item=1850748385&perks=839105230,3142289711,2922950962,3201496230
dimwishlist:item=1850748385&perks=839105230,3142289711,243981275,692399809
dimwishlist:item=1850748385&perks=839105230,3142289711,243981275,3081867624
dimwishlist:item=1850748385&perks=839105230,3142289711,243981275,3201496230
dimwishlist:item=1850748385&perks=839105230,106909392,2980589453,692399809
dimwishlist:item=1850748385&perks=839105230,106909392,2980589453,3081867624
dimwishlist:item=1850748385&perks=839105230,106909392,2980589453,3201496230
dimwishlist:item=1850748385&perks=839105230,106909392,2922950962,692399809
dimwishlist:item=1850748385&perks=839105230,106909392,2922950962,3081867624
dimwishlist:item=1850748385&perks=839105230,106909392,2922950962,3201496230
dimwishlist:item=1850748385&perks=839105230,106909392,243981275,692399809
dimwishlist:item=1850748385&perks=839105230,106909392,243981275,3081867624
dimwishlist:item=1850748385&perks=839105230,106909392,243981275,3201496230
dimwishlist:item=1850748385&perks=839105230,3230963543,2980589453,692399809
dimwishlist:item=1850748385&perks=839105230,3230963543,2980589453,3081867624
dimwishlist:item=1850748385&perks=839105230,3230963543,2980589453,3201496230
dimwishlist:item=1850748385&perks=839105230,3230963543,2922950962,692399809
dimwishlist:item=1850748385&perks=839105230,3230963543,2922950962,3081867624
dimwishlist:item=1850748385&perks=839105230,3230963543,2922950962,3201496230
dimwishlist:item=1850748385&perks=839105230,3230963543,243981275,692399809
dimwishlist:item=1850748385&perks=839105230,3230963543,243981275,3081867624
dimwishlist:item=1850748385&perks=839105230,3230963543,243981275,3201496230
dimwishlist:item=1850748385&perks=839105230,1885400500,2980589453,692399809
dimwishlist:item=1850748385&perks=839105230,1885400500,2980589453,3081867624
dimwishlist:item=1850748385&perks=839105230,1885400500,2980589453,3201496230
dimwishlist:item=1850748385&perks=839105230,1885400500,2922950962,692399809
dimwishlist:item=1850748385&perks=839105230,1885400500,2922950962,3081867624
dimwishlist:item=1850748385&perks=839105230,1885400500,2922950962,3201496230
dimwishlist:item=1850748385&perks=839105230,1885400500,243981275,692399809
dimwishlist:item=1850748385&perks=839105230,1885400500,243981275,3081867624
dimwishlist:item=1850748385&perks=839105230,1885400500,243981275,3201496230
dimwishlist:item=1850748385&perks=839105230,3678323611,2980589453,692399809
dimwishlist:item=1850748385&perks=839105230,3678323611,2980589453,3081867624
dimwishlist:item=1850748385&perks=839105230,3678323611,2980589453,3201496230
dimwishlist:item=1850748385&perks=839105230,3678323611,2922950962,692399809
dimwishlist:item=1850748385&perks=839105230,3678323611,2922950962,3081867624
dimwishlist:item=1850748385&perks=839105230,3678323611,2922950962,3201496230
dimwishlist:item=1850748385&perks=839105230,3678323611,243981275,692399809
dimwishlist:item=1850748385&perks=839105230,3678323611,243981275,3081867624
dimwishlist:item=1850748385&perks=839105230,3678323611,243981275,3201496230
dimwishlist:item=1850748385&perks=839105230,679225683,2980589453,692399809
dimwishlist:item=1850748385&perks=839105230,679225683,2980589453,3081867624
dimwishlist:item=1850748385&perks=839105230,679225683,2980589453,3201496230
dimwishlist:item=1850748385&perks=839105230,679225683,2922950962,692399809
dimwishlist:item=1850748385&perks=839105230,679225683,2922950962,3081867624
dimwishlist:item=1850748385&perks=839105230,679225683,2922950962,3201496230
dimwishlist:item=1850748385&perks=839105230,679225683,243981275,692399809
dimwishlist:item=1850748385&perks=839105230,679225683,243981275,3081867624
dimwishlist:item=1850748385&perks=839105230,679225683,243981275,3201496230
dimwishlist:item=1850748385&perks=1840239774,3142289711,2980589453,692399809
dimwishlist:item=1850748385&perks=1840239774,3142289711,2980589453,3081867624
dimwishlist:item=1850748385&perks=1840239774,3142289711,2980589453,3201496230
dimwishlist:item=1850748385&perks=1840239774,3142289711,2922950962,692399809
dimwishlist:item=1850748385&perks=1840239774,3142289711,2922950962,3081867624
dimwishlist:item=1850748385&perks=1840239774,3142289711,2922950962,3201496230
dimwishlist:item=1850748385&perks=1840239774,3142289711,243981275,692399809
dimwishlist:item=1850748385&perks=1840239774,3142289711,243981275,3081867624
dimwishlist:item=1850748385&perks=1840239774,3142289711,243981275,3201496230
dimwishlist:item=1850748385&perks=1840239774,106909392,2980589453,692399809
dimwishlist:item=1850748385&perks=1840239774,106909392,2980589453,3081867624
dimwishlist:item=1850748385&perks=1840239774,106909392,2980589453,3201496230
dimwishlist:item=1850748385&perks=1840239774,106909392,2922950962,692399809
dimwishlist:item=1850748385&perks=1840239774,106909392,2922950962,3081867624
dimwishlist:item=1850748385&perks=1840239774,106909392,2922950962,3201496230
dimwishlist:item=1850748385&perks=1840239774,106909392,243981275,692399809
dimwishlist:item=1850748385&perks=1840239774,106909392,243981275,3081867624
dimwishlist:item=1850748385&perks=1840239774,106909392,243981275,3201496230
dimwishlist:item=1850748385&perks=1840239774,3230963543,2980589453,692399809
dimwishlist:item=1850748385&perks=1840239774,3230963543,2980589453,3081867624
dimwishlist:item=1850748385&perks=1840239774,3230963543,2980589453,3201496230
dimwishlist:item=1850748385&perks=1840239774,3230963543,2922950962,692399809
dimwishlist:item=1850748385&perks=1840239774,3230963543,2922950962,3081867624
dimwishlist:item=1850748385&perks=1840239774,3230963543,2922950962,3201496230
dimwishlist:item=1850748385&perks=1840239774,3230963543,243981275,692399809
dimwishlist:item=1850748385&perks=1840239774,3230963543,243981275,3081867624
dimwishlist:item=1850748385&perks=1840239774,3230963543,243981275,3201496230
dimwishlist:item=1850748385&perks=1840239774,1885400500,2980589453,692399809
dimwishlist:item=1850748385&perks=1840239774,1885400500,2980589453,3081867624
dimwishlist:item=1850748385&perks=1840239774,1885400500,2980589453,3201496230
dimwishlist:item=1850748385&perks=1840239774,1885400500,2922950962,692399809
dimwishlist:item=1850748385&perks=1840239774,1885400500,2922950962,3081867624
dimwishlist:item=1850748385&perks=1840239774,1885400500,2922950962,3201496230
dimwishlist:item=1850748385&perks=1840239774,1885400500,243981275,692399809
dimwishlist:item=1850748385&perks=1840239774,1885400500,243981275,3081867624
dimwishlist:item=1850748385&perks=1840239774,1885400500,243981275,3201496230
dimwishlist:item=1850748385&perks=1840239774,3678323611,2980589453,692399809
dimwishlist:item=1850748385&perks=1840239774,3678323611,2980589453,3081867624
dimwishlist:item=1850748385&perks=1840239774,3678323611,2980589453,3201496230
dimwishlist:item=1850748385&perks=1840239774,3678323611,2922950962,692399809
dimwishlist:item=1850748385&perks=1840239774,3678323611,2922950962,3081867624
dimwishlist:item=1850748385&perks=1840239774,3678323611,2922950962,3201496230
dimwishlist:item=1850748385&perks=1840239774,3678323611,243981275,692399809
dimwishlist:item=1850748385&perks=1840239774,3678323611,243981275,3081867624
dimwishlist:item=1850748385&perks=1840239774,3678323611,243981275,3201496230
dimwishlist:item=1850748385&perks=1840239774,679225683,2980589453,692399809
dimwishlist:item=1850748385&perks=1840239774,679225683,2980589453,3081867624
dimwishlist:item=1850748385&perks=1840239774,679225683,2980589453,3201496230
dimwishlist:item=1850748385&perks=1840239774,679225683,2922950962,692399809
dimwishlist:item=1850748385&perks=1840239774,679225683,2922950962,3081867624
dimwishlist:item=1850748385&perks=1840239774,679225683,2922950962,3201496230
dimwishlist:item=1850748385&perks=1840239774,679225683,243981275,692399809
dimwishlist:item=1850748385&perks=1840239774,679225683,243981275,3081867624
dimwishlist:item=1850748385&perks=1840239774,679225683,243981275,3201496230
dimwishlist:item=1850748385&perks=1467527085,3142289711,2980589453,692399809
dimwishlist:item=1850748385&perks=1467527085,3142289711,2980589453,3081867624
dimwishlist:item=1850748385&perks=1467527085,3142289711,2980589453,3201496230
dimwishlist:item=1850748385&perks=1467527085,3142289711,2922950962,692399809
dimwishlist:item=1850748385&perks=1467527085,3142289711,2922950962,3081867624
dimwishlist:item=1850748385&perks=1467527085,3142289711,2922950962,3201496230
dimwishlist:item=1850748385&perks=1467527085,3142289711,243981275,692399809
dimwishlist:item=1850748385&perks=1467527085,3142289711,243981275,3081867624
dimwishlist:item=1850748385&perks=1467527085,3142289711,243981275,3201496230
dimwishlist:item=1850748385&perks=1467527085,106909392,2980589453,692399809
dimwishlist:item=1850748385&perks=1467527085,106909392,2980589453,3081867624
dimwishlist:item=1850748385&perks=1467527085,106909392,2980589453,3201496230
dimwishlist:item=1850748385&perks=1467527085,106909392,2922950962,692399809
dimwishlist:item=1850748385&perks=1467527085,106909392,2922950962,3081867624
dimwishlist:item=1850748385&perks=1467527085,106909392,2922950962,3201496230
dimwishlist:item=1850748385&perks=1467527085,106909392,243981275,692399809
dimwishlist:item=1850748385&perks=1467527085,106909392,243981275,3081867624
dimwishlist:item=1850748385&perks=1467527085,106909392,243981275,3201496230
dimwishlist:item=1850748385&perks=1467527085,3230963543,2980589453,692399809
dimwishlist:item=1850748385&perks=1467527085,3230963543,2980589453,3081867624
dimwishlist:item=1850748385&perks=1467527085,3230963543,2980589453,3201496230
dimwishlist:item=1850748385&perks=1467527085,3230963543,2922950962,692399809
dimwishlist:item=1850748385&perks=1467527085,3230963543,2922950962,3081867624
dimwishlist:item=1850748385&perks=1467527085,3230963543,2922950962,3201496230
dimwishlist:item=1850748385&perks=1467527085,3230963543,243981275,692399809
dimwishlist:item=1850748385&perks=1467527085,3230963543,243981275,3081867624
dimwishlist:item=1850748385&perks=1467527085,3230963543,243981275,3201496230
dimwishlist:item=1850748385&perks=1467527085,1885400500,2980589453,692399809
dimwishlist:item=1850748385&perks=1467527085,1885400500,2980589453,3081867624
dimwishlist:item=1850748385&perks=1467527085,1885400500,2980589453,3201496230
dimwishlist:item=1850748385&perks=1467527085,1885400500,2922950962,692399809
dimwishlist:item=1850748385&perks=1467527085,1885400500,2922950962,3081867624
dimwishlist:item=1850748385&perks=1467527085,1885400500,2922950962,3201496230
dimwishlist:item=1850748385&perks=1467527085,1885400500,243981275,692399809
dimwishlist:item=1850748385&perks=1467527085,1885400500,243981275,3081867624
dimwishlist:item=1850748385&perks=1467527085,1885400500,243981275,3201496230
dimwishlist:item=1850748385&perks=1467527085,3678323611,2980589453,692399809
dimwishlist:item=1850748385&perks=1467527085,3678323611,2980589453,3081867624
dimwishlist:item=1850748385&perks=1467527085,3678323611,2980589453,3201496230
dimwishlist:item=1850748385&perks=1467527085,3678323611,2922950962,692399809
dimwishlist:item=1850748385&perks=1467527085,3678323611,2922950962,3081867624
dimwishlist:item=1850748385&perks=1467527085,3678323611,2922950962,3201496230
dimwishlist:item=1850748385&perks=1467527085,3678323611,243981275,692399809
dimwishlist:item=1850748385&perks=1467527085,3678323611,243981275,3081867624
dimwishlist:item=1850748385&perks=1467527085,3678323611,243981275,3201496230
dimwishlist:item=1850748385&perks=1467527085,679225683,2980589453,692399809
dimwishlist:item=1850748385&perks=1467527085,679225683,2980589453,3081867624
dimwishlist:item=1850748385&perks=1467527085,679225683,2980589453,3201496230
dimwishlist:item=1850748385&perks=1467527085,679225683,2922950962,692399809
dimwishlist:item=1850748385&perks=1467527085,679225683,2922950962,3081867624
dimwishlist:item=1850748385&perks=1467527085,679225683,2922950962,3201496230
dimwishlist:item=1850748385&perks=1467527085,679225683,243981275,692399809
dimwishlist:item=1850748385&perks=1467527085,679225683,243981275,3081867624
dimwishlist:item=1850748385&perks=1467527085,679225683,243981275,3201496230
dimwishlist:item=1850748385&perks=3250034553,3142289711,2980589453,692399809
dimwishlist:item=1850748385&perks=3250034553,3142289711,2980589453,3081867624
dimwishlist:item=1850748385&perks=3250034553,3142289711,2980589453,3201496230
dimwishlist:item=1850748385&perks=3250034553,3142289711,2922950962,692399809
dimwishlist:item=1850748385&perks=3250034553,3142289711,2922950962,3081867624
dimwishlist:item=1850748385&perks=3250034553,3142289711,2922950962,3201496230
dimwishlist:item=1850748385&perks=3250034553,3142289711,243981275,692399809
dimwishlist:item=1850748385&perks=3250034553,3142289711,243981275,3081867624
dimwishlist:item=1850748385&perks=3250034553,3142289711,243981275,3201496230
dimwishlist:item=1850748385&perks=3250034553,106909392,2980589453,692399809
dimwishlist:item=1850748385&perks=3250034553,106909392,2980589453,3081867624
dimwishlist:item=1850748385&perks=3250034553,106909392,2980589453,3201496230
dimwishlist:item=1850748385&perks=3250034553,106909392,2922950962,692399809
dimwishlist:item=1850748385&perks=3250034553,106909392,2922950962,3081867624
dimwishlist:item=1850748385&perks=3250034553,106909392,2922950962,3201496230
dimwishlist:item=1850748385&perks=3250034553,106909392,243981275,692399809
dimwishlist:item=1850748385&perks=3250034553,106909392,243981275,3081867624
dimwishlist:item=1850748385&perks=3250034553,106909392,243981275,3201496230
dimwishlist:item=1850748385&perks=3250034553,3230963543,2980589453,692399809
dimwishlist:item=1850748385&perks=3250034553,3230963543,2980589453,3081867624
dimwishlist:item=1850748385&perks=3250034553,3230963543,2980589453,3201496230
dimwishlist:item=1850748385&perks=3250034553,3230963543,2922950962,692399809
dimwishlist:item=1850748385&perks=3250034553,3230963543,2922950962,3081867624
dimwishlist:item=1850748385&perks=3250034553,3230963543,2922950962,3201496230
dimwishlist:item=1850748385&perks=3250034553,3230963543,243981275,692399809
dimwishlist:item=1850748385&perks=3250034553,3230963543,243981275,3081867624
dimwishlist:item=1850748385&perks=3250034553,3230963543,243981275,3201496230
dimwishlist:item=1850748385&perks=3250034553,1885400500,2980589453,692399809
dimwishlist:item=1850748385&perks=3250034553,1885400500,2980589453,3081867624
dimwishlist:item=1850748385&perks=3250034553,1885400500,2980589453,3201496230
dimwishlist:item=1850748385&perks=3250034553,1885400500,2922950962,692399809
dimwishlist:item=1850748385&perks=3250034553,1885400500,2922950962,3081867624
dimwishlist:item=1850748385&perks=3250034553,1885400500,2922950962,3201496230
dimwishlist:item=1850748385&perks=3250034553,1885400500,243981275,692399809
dimwishlist:item=1850748385&perks=3250034553,1885400500,243981275,3081867624
dimwishlist:item=1850748385&perks=3250034553,1885400500,243981275,3201496230
dimwishlist:item=1850748385&perks=3250034553,3678323611,2980589453,692399809
dimwishlist:item=1850748385&perks=3250034553,3678323611,2980589453,3081867624
dimwishlist:item=1850748385&perks=3250034553,3678323611,2980589453,3201496230
dimwishlist:item=1850748385&perks=3250034553,3678323611,2922950962,692399809
dimwishlist:item=1850748385&perks=3250034553,3678323611,2922950962,3081867624
dimwishlist:item=1850748385&perks=3250034553,3678323611,2922950962,3201496230
dimwishlist:item=1850748385&perks=3250034553,3678323611,243981275,692399809
dimwishlist:item=1850748385&perks=3250034553,3678323611,243981275,3081867624
dimwishlist:item=1850748385&perks=3250034553,3678323611,243981275,3201496230
dimwishlist:item=1850748385&perks=3250034553,679225683,2980589453,692399809
dimwishlist:item=1850748385&perks=3250034553,679225683,2980589453,3081867624
dimwishlist:item=1850748385&perks=3250034553,679225683,2980589453,3201496230
dimwishlist:item=1850748385&perks=3250034553,679225683,2922950962,692399809
dimwishlist:item=1850748385&perks=3250034553,679225683,2922950962,3081867624
dimwishlist:item=1850748385&perks=3250034553,679225683,2922950962,3201496230
dimwishlist:item=1850748385&perks=3250034553,679225683,243981275,692399809
dimwishlist:item=1850748385&perks=3250034553,679225683,243981275,3081867624
dimwishlist:item=1850748385&perks=3250034553,679225683,243981275,3201496230
dimwishlist:item=1850748385&perks=1482024992,3142289711,2980589453,692399809
dimwishlist:item=1850748385&perks=1482024992,3142289711,2980589453,3081867624
dimwishlist:item=1850748385&perks=1482024992,3142289711,2980589453,3201496230
dimwishlist:item=1850748385&perks=1482024992,3142289711,2922950962,692399809
dimwishlist:item=1850748385&perks=1482024992,3142289711,2922950962,3081867624
dimwishlist:item=1850748385&perks=1482024992,3142289711,2922950962,3201496230
dimwishlist:item=1850748385&perks=1482024992,3142289711,243981275,692399809
dimwishlist:item=1850748385&perks=1482024992,3142289711,243981275,3081867624
dimwishlist:item=1850748385&perks=1482024992,3142289711,243981275,3201496230
dimwishlist:item=1850748385&perks=1482024992,106909392,2980589453,692399809
dimwishlist:item=1850748385&perks=1482024992,106909392,2980589453,3081867624
dimwishlist:item=1850748385&perks=1482024992,106909392,2980589453,3201496230
dimwishlist:item=1850748385&perks=1482024992,106909392,2922950962,692399809
dimwishlist:item=1850748385&perks=1482024992,106909392,2922950962,3081867624
dimwishlist:item=1850748385&perks=1482024992,106909392,2922950962,3201496230
dimwishlist:item=1850748385&perks=1482024992,106909392,243981275,692399809
dimwishlist:item=1850748385&perks=1482024992,106909392,243981275,3081867624
dimwishlist:item=1850748385&perks=1482024992,106909392,243981275,3201496230
dimwishlist:item=1850748385&perks=1482024992,3230963543,2980589453,692399809
dimwishlist:item=1850748385&perks=1482024992,3230963543,2980589453,3081867624
dimwishlist:item=1850748385&perks=1482024992,3230963543,2980589453,3201496230
dimwishlist:item=1850748385&perks=1482024992,3230963543,2922950962,692399809
dimwishlist:item=1850748385&perks=1482024992,3230963543,2922950962,3081867624
dimwishlist:item=1850748385&perks=1482024992,3230963543,2922950962,3201496230
dimwishlist:item=1850748385&perks=1482024992,3230963543,243981275,692399809
dimwishlist:item=1850748385&perks=1482024992,3230963543,243981275,3081867624
dimwishlist:item=1850748385&perks=1482024992,3230963543,243981275,3201496230
dimwishlist:item=1850748385&perks=1482024992,1885400500,2980589453,692399809
dimwishlist:item=1850748385&perks=1482024992,1885400500,2980589453,3081867624
dimwishlist:item=1850748385&perks=1482024992,1885400500,2980589453,3201496230
dimwishlist:item=1850748385&perks=1482024992,1885400500,2922950962,692399809
dimwishlist:item=1850748385&perks=1482024992,1885400500,2922950962,3081867624
dimwishlist:item=1850748385&perks=1482024992,1885400500,2922950962,3201496230
dimwishlist:item=1850748385&perks=1482024992,1885400500,243981275,692399809
dimwishlist:item=1850748385&perks=1482024992,1885400500,243981275,3081867624
dimwishlist:item=1850748385&perks=1482024992,1885400500,243981275,3201496230
dimwishlist:item=1850748385&perks=1482024992,3678323611,2980589453,692399809
dimwishlist:item=1850748385&perks=1482024992,3678323611,2980589453,3081867624
dimwishlist:item=1850748385&perks=1482024992,3678323611,2980589453,3201496230
dimwishlist:item=1850748385&perks=1482024992,3678323611,2922950962,692399809
dimwishlist:item=1850748385&perks=1482024992,3678323611,2922950962,3081867624
dimwishlist:item=1850748385&perks=1482024992,3678323611,2922950962,3201496230
dimwishlist:item=1850748385&perks=1482024992,3678323611,243981275,692399809
dimwishlist:item=1850748385&perks=1482024992,3678323611,243981275,3081867624
dimwishlist:item=1850748385&perks=1482024992,3678323611,243981275,3201496230
dimwishlist:item=1850748385&perks=1482024992,679225683,2980589453,692399809
dimwishlist:item=1850748385&perks=1482024992,679225683,2980589453,3081867624
dimwishlist:item=1850748385&perks=1482024992,679225683,2980589453,3201496230
dimwishlist:item=1850748385&perks=1482024992,679225683,2922950962,692399809
dimwishlist:item=1850748385&perks=1482024992,679225683,2922950962,3081867624
dimwishlist:item=1850748385&perks=1482024992,679225683,2922950962,3201496230
dimwishlist:item=1850748385&perks=1482024992,679225683,243981275,692399809
dimwishlist:item=1850748385&perks=1482024992,679225683,243981275,3081867624
dimwishlist:item=1850748385&perks=1482024992,679225683,243981275,3201496230


// Arctic Haze - 极地雾霭 (pve)
//notes: 极地雾霭     Lv.A tags:pve
dimwishlist:item=2187337757&perks=839105230,106909392,4293542123,2890807135
dimwishlist:item=2187337757&perks=839105230,3230963543,4293542123,2890807135
dimwishlist:item=2187337757&perks=839105230,1885400500,4293542123,2890807135
dimwishlist:item=2187337757&perks=1840239774,106909392,4293542123,2890807135
dimwishlist:item=2187337757&perks=1840239774,3230963543,4293542123,2890807135
dimwishlist:item=2187337757&perks=1840239774,1885400500,4293542123,2890807135


// Arctic Haze - 极地雾霭 (pve)
//notes: 极地雾霭     Lv.A tags:pve
dimwishlist:item=2187337757&perks=839105230,106909392,3017780555,3425386926
dimwishlist:item=2187337757&perks=839105230,3230963543,3017780555,3425386926
dimwishlist:item=2187337757&perks=839105230,1885400500,3017780555,3425386926
dimwishlist:item=2187337757&perks=1840239774,106909392,3017780555,3425386926
dimwishlist:item=2187337757&perks=1840239774,3230963543,3017780555,3425386926
dimwishlist:item=2187337757&perks=1840239774,1885400500,3017780555,3425386926


// Pluperfect - 完成完成时 (pve)
//notes: 完成完成时    Lv.A tags:pve
dimwishlist:item=2203881482&perks=839105230,3230963543,1517798362,3891536761
dimwishlist:item=2203881482&perks=839105230,3230963543,3523296417,3891536761
dimwishlist:item=2203881482&perks=839105230,106909392,1517798362,3891536761
dimwishlist:item=2203881482&perks=839105230,106909392,3523296417,3891536761
dimwishlist:item=2203881482&perks=1840239774,3230963543,1517798362,3891536761
dimwishlist:item=2203881482&perks=1840239774,3230963543,3523296417,3891536761
dimwishlist:item=2203881482&perks=1840239774,106909392,1517798362,3891536761
dimwishlist:item=2203881482&perks=1840239774,106909392,3523296417,3891536761


// VS Pyroelectric Propellant - VS热电推进 (pve)
//notes: VS热电推进    Lv.A tags:pve
dimwishlist:item=2460368549&perks=839105230,1561002382,243981275,3966416502
dimwishlist:item=2460368549&perks=839105230,1561002382,243981275,654512643
dimwishlist:item=2460368549&perks=839105230,1885400500,243981275,3966416502
dimwishlist:item=2460368549&perks=839105230,1885400500,243981275,654512643
dimwishlist:item=2460368549&perks=839105230,3230963543,243981275,3966416502
dimwishlist:item=2460368549&perks=839105230,3230963543,243981275,654512643
dimwishlist:item=2460368549&perks=839105230,679225683,243981275,3966416502
dimwishlist:item=2460368549&perks=839105230,679225683,243981275,654512643
dimwishlist:item=2460368549&perks=839105230,106909392,243981275,3966416502
dimwishlist:item=2460368549&perks=839105230,106909392,243981275,654512643
dimwishlist:item=2460368549&perks=1840239774,1561002382,243981275,3966416502
dimwishlist:item=2460368549&perks=1840239774,1561002382,243981275,654512643
dimwishlist:item=2460368549&perks=1840239774,1885400500,243981275,3966416502
dimwishlist:item=2460368549&perks=1840239774,1885400500,243981275,654512643
dimwishlist:item=2460368549&perks=1840239774,3230963543,243981275,3966416502
dimwishlist:item=2460368549&perks=1840239774,3230963543,243981275,654512643
dimwishlist:item=2460368549&perks=1840239774,679225683,243981275,3966416502
dimwishlist:item=2460368549&perks=1840239774,679225683,243981275,654512643
dimwishlist:item=2460368549&perks=1840239774,106909392,243981275,3966416502
dimwishlist:item=2460368549&perks=1840239774,106909392,243981275,654512643
dimwishlist:item=2460368549&perks=3661387068,1561002382,243981275,3966416502
dimwishlist:item=2460368549&perks=3661387068,1561002382,243981275,654512643
dimwishlist:item=2460368549&perks=3661387068,1885400500,243981275,3966416502
dimwishlist:item=2460368549&perks=3661387068,1885400500,243981275,654512643
dimwishlist:item=2460368549&perks=3661387068,3230963543,243981275,3966416502
dimwishlist:item=2460368549&perks=3661387068,3230963543,243981275,654512643
dimwishlist:item=2460368549&perks=3661387068,679225683,243981275,3966416502
dimwishlist:item=2460368549&perks=3661387068,679225683,243981275,654512643
dimwishlist:item=2460368549&perks=3661387068,106909392,243981275,3966416502
dimwishlist:item=2460368549&perks=3661387068,106909392,243981275,654512643


// Seventh Seraph Carbine - 第七天使卡宾枪 (pve)
//notes: 第七天使卡宾枪    Lv.A tags:pve
dimwishlist:item=2560370239&perks=839105230,1140096971,243981275,3891536761
dimwishlist:item=2560370239&perks=839105230,1140096971,243981275,1202584452
dimwishlist:item=2560370239&perks=839105230,1140096971,1517798362,3891536761
dimwishlist:item=2560370239&perks=839105230,1140096971,1517798362,1202584452
dimwishlist:item=2560370239&perks=1840239774,1140096971,243981275,3891536761
dimwishlist:item=2560370239&perks=1840239774,1140096971,243981275,1202584452
dimwishlist:item=2560370239&perks=1840239774,1140096971,1517798362,3891536761
dimwishlist:item=2560370239&perks=1840239774,1140096971,1517798362,1202584452


// Snipehunt Mk. 47 - 狙猎Mk.47 (pve)
//notes: 狙猎Mk.47   -2  Lv.A tags:pve
dimwishlist:item=2587567543&perks=839105230,1561002382,3966416502,243981275
dimwishlist:item=2587567543&perks=839105230,1561002382,3966416502,3640170453
dimwishlist:item=2587567543&perks=839105230,1561002382,3966416502,2173046394
dimwishlist:item=2587567543&perks=839105230,1561002382,3966416502,3218042543
dimwishlist:item=2587567543&perks=839105230,1885400500,3966416502,243981275
dimwishlist:item=2587567543&perks=839105230,1885400500,3966416502,3640170453
dimwishlist:item=2587567543&perks=839105230,1885400500,3966416502,2173046394
dimwishlist:item=2587567543&perks=839105230,1885400500,3966416502,3218042543
dimwishlist:item=2587567543&perks=839105230,3230963543,3966416502,243981275
dimwishlist:item=2587567543&perks=839105230,3230963543,3966416502,3640170453
dimwishlist:item=2587567543&perks=839105230,3230963543,3966416502,2173046394
dimwishlist:item=2587567543&perks=839105230,3230963543,3966416502,3218042543
dimwishlist:item=2587567543&perks=839105230,679225683,3966416502,243981275
dimwishlist:item=2587567543&perks=839105230,679225683,3966416502,3640170453
dimwishlist:item=2587567543&perks=839105230,679225683,3966416502,2173046394
dimwishlist:item=2587567543&perks=839105230,679225683,3966416502,3218042543
dimwishlist:item=2587567543&perks=839105230,106909392,3966416502,243981275
dimwishlist:item=2587567543&perks=839105230,106909392,3966416502,3640170453
dimwishlist:item=2587567543&perks=839105230,106909392,3966416502,2173046394
dimwishlist:item=2587567543&perks=839105230,106909392,3966416502,3218042543
dimwishlist:item=2587567543&perks=1840239774,1561002382,3966416502,243981275
dimwishlist:item=2587567543&perks=1840239774,1561002382,3966416502,3640170453
dimwishlist:item=2587567543&perks=1840239774,1561002382,3966416502,2173046394
dimwishlist:item=2587567543&perks=1840239774,1561002382,3966416502,3218042543
dimwishlist:item=2587567543&perks=1840239774,1885400500,3966416502,243981275
dimwishlist:item=2587567543&perks=1840239774,1885400500,3966416502,3640170453
dimwishlist:item=2587567543&perks=1840239774,1885400500,3966416502,2173046394
dimwishlist:item=2587567543&perks=1840239774,1885400500,3966416502,3218042543
dimwishlist:item=2587567543&perks=1840239774,3230963543,3966416502,243981275
dimwishlist:item=2587567543&perks=1840239774,3230963543,3966416502,3640170453
dimwishlist:item=2587567543&perks=1840239774,3230963543,3966416502,2173046394
dimwishlist:item=2587567543&perks=1840239774,3230963543,3966416502,3218042543
dimwishlist:item=2587567543&perks=1840239774,679225683,3966416502,243981275
dimwishlist:item=2587567543&perks=1840239774,679225683,3966416502,3640170453
dimwishlist:item=2587567543&perks=1840239774,679225683,3966416502,2173046394
dimwishlist:item=2587567543&perks=1840239774,679225683,3966416502,3218042543
dimwishlist:item=2587567543&perks=1840239774,106909392,3966416502,243981275
dimwishlist:item=2587567543&perks=1840239774,106909392,3966416502,3640170453
dimwishlist:item=2587567543&perks=1840239774,106909392,3966416502,2173046394
dimwishlist:item=2587567543&perks=1840239774,106909392,3966416502,3218042543


// The Summoner -  召唤灵师 (pve)
//notes: 召唤灵师    Lv.A tags:pve
dimwishlist:item=2884908760&perks=839105230,1561002382,3017780555,4293542123,1050127423
dimwishlist:item=2884908760&perks=839105230,1561002382,3017780555,2890807135,1050127423
dimwishlist:item=2884908760&perks=839105230,3230963543,3017780555,4293542123,1050127423
dimwishlist:item=2884908760&perks=839105230,3230963543,3017780555,2890807135,1050127423
dimwishlist:item=2884908760&perks=839105230,1885400500,3017780555,4293542123,1050127423
dimwishlist:item=2884908760&perks=839105230,1885400500,3017780555,2890807135,1050127423
dimwishlist:item=2884908760&perks=839105230,106909392,3017780555,4293542123,1050127423
dimwishlist:item=2884908760&perks=839105230,106909392,3017780555,2890807135,1050127423
dimwishlist:item=2884908760&perks=1840239774,1561002382,3017780555,4293542123,1050127423
dimwishlist:item=2884908760&perks=1840239774,1561002382,3017780555,2890807135,1050127423
dimwishlist:item=2884908760&perks=1840239774,3230963543,3017780555,4293542123,1050127423
dimwishlist:item=2884908760&perks=1840239774,3230963543,3017780555,2890807135,1050127423
dimwishlist:item=2884908760&perks=1840239774,1885400500,3017780555,4293542123,1050127423
dimwishlist:item=2884908760&perks=1840239774,1885400500,3017780555,2890807135,1050127423
dimwishlist:item=2884908760&perks=1840239774,106909392,3017780555,4293542123,1050127423
dimwishlist:item=2884908760&perks=1840239774,106909392,3017780555,2890807135,1050127423


// The Ringing Nail -  嗡鸣铁锭 (pve)
//notes: 嗡鸣铁锭    Lv.A tags:pve
dimwishlist:item=3326135421&perks=839105230,1561002382,3017780555,3824105627
dimwishlist:item=3326135421&perks=839105230,1561002382,3017780555,95528736
dimwishlist:item=3326135421&perks=839105230,1561002382,2360347339,3824105627
dimwishlist:item=3326135421&perks=839105230,1561002382,2360347339,95528736
dimwishlist:item=3326135421&perks=839105230,1885400500,3017780555,3824105627
dimwishlist:item=3326135421&perks=839105230,1885400500,3017780555,95528736
dimwishlist:item=3326135421&perks=839105230,1885400500,2360347339,3824105627
dimwishlist:item=3326135421&perks=839105230,1885400500,2360347339,95528736
dimwishlist:item=3326135421&perks=839105230,3230963543,3017780555,3824105627
dimwishlist:item=3326135421&perks=839105230,3230963543,3017780555,95528736
dimwishlist:item=3326135421&perks=839105230,3230963543,2360347339,3824105627
dimwishlist:item=3326135421&perks=839105230,3230963543,2360347339,95528736
dimwishlist:item=3326135421&perks=839105230,106909392,3017780555,3824105627
dimwishlist:item=3326135421&perks=839105230,106909392,3017780555,95528736
dimwishlist:item=3326135421&perks=839105230,106909392,2360347339,3824105627
dimwishlist:item=3326135421&perks=839105230,106909392,2360347339,95528736
dimwishlist:item=3326135421&perks=1840239774,1561002382,3017780555,3824105627
dimwishlist:item=3326135421&perks=1840239774,1561002382,3017780555,95528736
dimwishlist:item=3326135421&perks=1840239774,1561002382,2360347339,3824105627
dimwishlist:item=3326135421&perks=1840239774,1561002382,2360347339,95528736
dimwishlist:item=3326135421&perks=1840239774,1885400500,3017780555,3824105627
dimwishlist:item=3326135421&perks=1840239774,1885400500,3017780555,95528736
dimwishlist:item=3326135421&perks=1840239774,1885400500,2360347339,3824105627
dimwishlist:item=3326135421&perks=1840239774,1885400500,2360347339,95528736
dimwishlist:item=3326135421&perks=1840239774,3230963543,3017780555,3824105627
dimwishlist:item=3326135421&perks=1840239774,3230963543,3017780555,95528736
dimwishlist:item=3326135421&perks=1840239774,3230963543,2360347339,3824105627
dimwishlist:item=3326135421&perks=1840239774,3230963543,2360347339,95528736
dimwishlist:item=3326135421&perks=1840239774,106909392,3017780555,3824105627
dimwishlist:item=3326135421&perks=1840239774,106909392,3017780555,95528736
dimwishlist:item=3326135421&perks=1840239774,106909392,2360347339,3824105627
dimwishlist:item=3326135421&perks=1840239774,106909392,2360347339,95528736


// The Ringing Nail - 嗡鸣铁锭 (pve)
//notes: 嗡鸣铁锭    Lv.A tags:pve
dimwishlist:item=3326135421&perks=839105230,1561002382,4293542123,2890807135
dimwishlist:item=3326135421&perks=839105230,1885400500,4293542123,2890807135
dimwishlist:item=3326135421&perks=839105230,3230963543,4293542123,2890807135
dimwishlist:item=3326135421&perks=839105230,106909392,4293542123,2890807135
dimwishlist:item=3326135421&perks=1840239774,1561002382,4293542123,2890807135
dimwishlist:item=3326135421&perks=1840239774,1885400500,4293542123,2890807135
dimwishlist:item=3326135421&perks=1840239774,3230963543,4293542123,2890807135
dimwishlist:item=3326135421&perks=1840239774,106909392,4293542123,2890807135


// Scathelocke -  红衣威尔 (pve)
//notes: 红衣威尔    Lv.A tags:pve
dimwishlist:item=3332538050&perks=839105230,106909392,243981275,1202584452
dimwishlist:item=3332538050&perks=839105230,106909392,243981275,3891536761
dimwishlist:item=3332538050&perks=839105230,3177308360,243981275,1202584452
dimwishlist:item=3332538050&perks=839105230,3177308360,243981275,3891536761
dimwishlist:item=3332538050&perks=839105230,3230963543,243981275,1202584452
dimwishlist:item=3332538050&perks=839105230,3230963543,243981275,3891536761
dimwishlist:item=3332538050&perks=839105230,1885400500,243981275,1202584452
dimwishlist:item=3332538050&perks=839105230,1885400500,243981275,3891536761


// Positive Outlook - 光明前景 (pve)
//notes: 光明前景1    Lv.S tags:pve
dimwishlist:item=3625635456&perks=839105230,1431678320,776531651,2048641572
dimwishlist:item=3625635456&perks=839105230,1431678320,1134488199,2048641572
dimwishlist:item=3625635456&perks=839105230,3230963543,776531651,2048641572
dimwishlist:item=3625635456&perks=839105230,3230963543,1134488199,2048641572
dimwishlist:item=3625635456&perks=839105230,106909392,776531651,2048641572
dimwishlist:item=3625635456&perks=839105230,106909392,1134488199,2048641572
dimwishlist:item=3625635456&perks=1840239774,1431678320,776531651,2048641572
dimwishlist:item=3625635456&perks=1840239774,1431678320,1134488199,2048641572
dimwishlist:item=3625635456&perks=1840239774,3230963543,776531651,2048641572
dimwishlist:item=3625635456&perks=1840239774,3230963543,1134488199,2048641572
dimwishlist:item=3625635456&perks=1840239774,106909392,776531651,2048641572
dimwishlist:item=3625635456&perks=1840239774,106909392,1134488199,2048641572


// Positive Outlook - 光明前景 (pve)
//notes: 光明前景1    Lv.S tags:pve
dimwishlist:item=3625635456&perks=839105230,1431678320,1134488199,2305480722
dimwishlist:item=3625635456&perks=839105230,3230963543,1134488199,2305480722
dimwishlist:item=3625635456&perks=839105230,1561002382,1134488199,2305480722
dimwishlist:item=3625635456&perks=839105230,106909392,1134488199,2305480722
dimwishlist:item=3625635456&perks=1840239774,1431678320,1134488199,2305480722
dimwishlist:item=3625635456&perks=1840239774,3230963543,1134488199,2305480722
dimwishlist:item=3625635456&perks=1840239774,1561002382,1134488199,2305480722
dimwishlist:item=3625635456&perks=1840239774,106909392,1134488199,2305480722


// Reckless Oracle - 鲁莽神谕    Lv.S (pve)
//notes: 鲁莽神谕.2    Lv.S tags:pve
dimwishlist:item=4158265643&perks=839105230,1561002382,2048641572,776531651
dimwishlist:item=4158265643&perks=839105230,1561002382,3182497402,776531651
dimwishlist:item=4158265643&perks=839105230,1431678320,2048641572,776531651
dimwishlist:item=4158265643&perks=839105230,1431678320,3182497402,776531651
dimwishlist:item=4158265643&perks=839105230,3230963543,2048641572,776531651
dimwishlist:item=4158265643&perks=839105230,3230963543,3182497402,776531651
dimwishlist:item=4158265643&perks=839105230,106909392,2048641572,776531651
dimwishlist:item=4158265643&perks=839105230,106909392,3182497402,776531651
dimwishlist:item=4158265643&perks=1840239774,1561002382,2048641572,776531651
dimwishlist:item=4158265643&perks=1840239774,1561002382,3182497402,776531651
dimwishlist:item=4158265643&perks=1840239774,1431678320,2048641572,776531651
dimwishlist:item=4158265643&perks=1840239774,1431678320,3182497402,776531651
dimwishlist:item=4158265643&perks=1840239774,3230963543,2048641572,776531651
dimwishlist:item=4158265643&perks=1840239774,3230963543,3182497402,776531651
dimwishlist:item=4158265643&perks=1840239774,106909392,2048641572,776531651
dimwishlist:item=4158265643&perks=1840239774,106909392,3182497402,776531651


// The Ringing Nail - 嗡鸣铁锭 (pve)
//notes: 嗡鸣铁锭    Lv.A tags:pve
dimwishlist:item=4206550094&perks=839105230,1561002382,4293542123,2890807135
dimwishlist:item=4206550094&perks=839105230,1885400500,4293542123,2890807135
dimwishlist:item=4206550094&perks=839105230,3230963543,4293542123,2890807135
dimwishlist:item=4206550094&perks=839105230,106909392,4293542123,2890807135
dimwishlist:item=4206550094&perks=1840239774,1561002382,4293542123,2890807135
dimwishlist:item=4206550094&perks=1840239774,1885400500,4293542123,2890807135
dimwishlist:item=4206550094&perks=1840239774,3230963543,4293542123,2890807135
dimwishlist:item=4206550094&perks=1840239774,106909392,4293542123,2890807135


// The Ringing Nail - 嗡鸣铁锭    Lv.A (pve)
//notes: 嗡鸣铁锭.2    Lv.A tags:pve
dimwishlist:item=4206550094&perks=839105230,1561002382,2360347339,95528736
dimwishlist:item=4206550094&perks=839105230,1561002382,2360347339,3824105627
dimwishlist:item=4206550094&perks=839105230,1561002382,3017780555,95528736
dimwishlist:item=4206550094&perks=839105230,1561002382,3017780555,3824105627
dimwishlist:item=4206550094&perks=839105230,1885400500,2360347339,95528736
dimwishlist:item=4206550094&perks=839105230,1885400500,2360347339,3824105627
dimwishlist:item=4206550094&perks=839105230,1885400500,3017780555,95528736
dimwishlist:item=4206550094&perks=839105230,1885400500,3017780555,3824105627
dimwishlist:item=4206550094&perks=839105230,3230963543,2360347339,95528736
dimwishlist:item=4206550094&perks=839105230,3230963543,2360347339,3824105627
dimwishlist:item=4206550094&perks=839105230,3230963543,3017780555,95528736
dimwishlist:item=4206550094&perks=839105230,3230963543,3017780555,3824105627
dimwishlist:item=4206550094&perks=839105230,106909392,2360347339,95528736
dimwishlist:item=4206550094&perks=839105230,106909392,2360347339,3824105627
dimwishlist:item=4206550094&perks=839105230,106909392,3017780555,95528736
dimwishlist:item=4206550094&perks=839105230,106909392,3017780555,3824105627
dimwishlist:item=4206550094&perks=1840239774,1561002382,2360347339,95528736
dimwishlist:item=4206550094&perks=1840239774,1561002382,2360347339,3824105627
dimwishlist:item=4206550094&perks=1840239774,1561002382,3017780555,95528736
dimwishlist:item=4206550094&perks=1840239774,1561002382,3017780555,3824105627
dimwishlist:item=4206550094&perks=1840239774,1885400500,2360347339,95528736
dimwishlist:item=4206550094&perks=1840239774,1885400500,2360347339,3824105627
dimwishlist:item=4206550094&perks=1840239774,1885400500,3017780555,95528736
dimwishlist:item=4206550094&perks=1840239774,1885400500,3017780555,3824105627
dimwishlist:item=4206550094&perks=1840239774,3230963543,2360347339,95528736
dimwishlist:item=4206550094&perks=1840239774,3230963543,2360347339,3824105627
dimwishlist:item=4206550094&perks=1840239774,3230963543,3017780555,95528736
dimwishlist:item=4206550094&perks=1840239774,3230963543,3017780555,3824105627
dimwishlist:item=4206550094&perks=1840239774,106909392,2360347339,95528736
dimwishlist:item=4206550094&perks=1840239774,106909392,2360347339,3824105627
dimwishlist:item=4206550094&perks=1840239774,106909392,3017780555,95528736
dimwishlist:item=4206550094&perks=1840239774,106909392,3017780555,3824105627


