title:地牢-战争领主的废墟
description:凯旋纪念

// Vengeful Whisper - 复仇低语 (pve)
//notes: tags:pve
dimwishlist:item=1054567917&perks=923806249,831391274
dimwishlist:item=1054567917&perks=960997401,831391274
dimwishlist:item=1054567917&perks=3365897133,831391274


// Dragoncult Sickle - 拜龙教镰刀 (pve)
//notes: tags:pve
dimwishlist:item=2525261820&perks=2077819806,243981275


// Indebted Kindness - 蒙恩 (pve)
//notes: 顶级火箭手枪，必刷 tags:pve
dimwishlist:item=2554513694&perks=1478423395,106909392,1421772400,2173046394
dimwishlist:item=2554513694&perks=1478423395,106909392,1421772400,3218042543
dimwishlist:item=2554513694&perks=1478423395,106909392,1421772400,2396489472
dimwishlist:item=2554513694&perks=1478423395,106909392,951095735,2173046394
dimwishlist:item=2554513694&perks=1478423395,106909392,951095735,3218042543
dimwishlist:item=2554513694&perks=1478423395,106909392,951095735,2396489472
dimwishlist:item=2554513694&perks=1478423395,3230963543,1421772400,2173046394
dimwishlist:item=2554513694&perks=1478423395,3230963543,1421772400,3218042543
dimwishlist:item=2554513694&perks=1478423395,3230963543,1421772400,2396489472
dimwishlist:item=2554513694&perks=1478423395,3230963543,951095735,2173046394
dimwishlist:item=2554513694&perks=1478423395,3230963543,951095735,3218042543
dimwishlist:item=2554513694&perks=1478423395,3230963543,951095735,2396489472
dimwishlist:item=2554513694&perks=1478423395,2822142346,1421772400,2173046394
dimwishlist:item=2554513694&perks=1478423395,2822142346,1421772400,3218042543
dimwishlist:item=2554513694&perks=1478423395,2822142346,1421772400,2396489472
dimwishlist:item=2554513694&perks=1478423395,2822142346,951095735,2173046394
dimwishlist:item=2554513694&perks=1478423395,2822142346,951095735,3218042543
dimwishlist:item=2554513694&perks=1478423395,2822142346,951095735,2396489472
dimwishlist:item=2554513694&perks=3525010810,106909392,1421772400,2173046394
dimwishlist:item=2554513694&perks=3525010810,106909392,1421772400,3218042543
dimwishlist:item=2554513694&perks=3525010810,106909392,1421772400,2396489472
dimwishlist:item=2554513694&perks=3525010810,106909392,951095735,2173046394
dimwishlist:item=2554513694&perks=3525010810,106909392,951095735,3218042543
dimwishlist:item=2554513694&perks=3525010810,106909392,951095735,2396489472
dimwishlist:item=2554513694&perks=3525010810,3230963543,1421772400,2173046394
dimwishlist:item=2554513694&perks=3525010810,3230963543,1421772400,3218042543
dimwishlist:item=2554513694&perks=3525010810,3230963543,1421772400,2396489472
dimwishlist:item=2554513694&perks=3525010810,3230963543,951095735,2173046394
dimwishlist:item=2554513694&perks=3525010810,3230963543,951095735,3218042543
dimwishlist:item=2554513694&perks=3525010810,3230963543,951095735,2396489472
dimwishlist:item=2554513694&perks=3525010810,2822142346,1421772400,2173046394
dimwishlist:item=2554513694&perks=3525010810,2822142346,1421772400,3218042543
dimwishlist:item=2554513694&perks=3525010810,2822142346,1421772400,2396489472
dimwishlist:item=2554513694&perks=3525010810,2822142346,951095735,2173046394
dimwishlist:item=2554513694&perks=3525010810,2822142346,951095735,3218042543
dimwishlist:item=2554513694&perks=3525010810,2822142346,951095735,2396489472
dimwishlist:item=2554513694&perks=3798852852,106909392,1421772400,2173046394
dimwishlist:item=2554513694&perks=3798852852,106909392,1421772400,3218042543
dimwishlist:item=2554513694&perks=3798852852,106909392,1421772400,2396489472
dimwishlist:item=2554513694&perks=3798852852,106909392,951095735,2173046394
dimwishlist:item=2554513694&perks=3798852852,106909392,951095735,3218042543
dimwishlist:item=2554513694&perks=3798852852,106909392,951095735,2396489472
dimwishlist:item=2554513694&perks=3798852852,3230963543,1421772400,2173046394
dimwishlist:item=2554513694&perks=3798852852,3230963543,1421772400,3218042543
dimwishlist:item=2554513694&perks=3798852852,3230963543,1421772400,2396489472
dimwishlist:item=2554513694&perks=3798852852,3230963543,951095735,2173046394
dimwishlist:item=2554513694&perks=3798852852,3230963543,951095735,3218042543
dimwishlist:item=2554513694&perks=3798852852,3230963543,951095735,2396489472
dimwishlist:item=2554513694&perks=3798852852,2822142346,1421772400,2173046394
dimwishlist:item=2554513694&perks=3798852852,2822142346,1421772400,3218042543
dimwishlist:item=2554513694&perks=3798852852,2822142346,1421772400,2396489472
dimwishlist:item=2554513694&perks=3798852852,2822142346,951095735,2173046394
dimwishlist:item=2554513694&perks=3798852852,2822142346,951095735,3218042543
dimwishlist:item=2554513694&perks=3798852852,2822142346,951095735,2396489472
dimwishlist:item=2554513694&perks=1441682018,106909392,1421772400,2173046394
dimwishlist:item=2554513694&perks=1441682018,106909392,1421772400,3218042543
dimwishlist:item=2554513694&perks=1441682018,106909392,1421772400,2396489472
dimwishlist:item=2554513694&perks=1441682018,106909392,951095735,2173046394
dimwishlist:item=2554513694&perks=1441682018,106909392,951095735,3218042543
dimwishlist:item=2554513694&perks=1441682018,106909392,951095735,2396489472
dimwishlist:item=2554513694&perks=1441682018,3230963543,1421772400,2173046394
dimwishlist:item=2554513694&perks=1441682018,3230963543,1421772400,3218042543
dimwishlist:item=2554513694&perks=1441682018,3230963543,1421772400,2396489472
dimwishlist:item=2554513694&perks=1441682018,3230963543,951095735,2173046394
dimwishlist:item=2554513694&perks=1441682018,3230963543,951095735,3218042543
dimwishlist:item=2554513694&perks=1441682018,3230963543,951095735,2396489472
dimwishlist:item=2554513694&perks=1441682018,2822142346,1421772400,2173046394
dimwishlist:item=2554513694&perks=1441682018,2822142346,1421772400,3218042543
dimwishlist:item=2554513694&perks=1441682018,2822142346,1421772400,2396489472
dimwishlist:item=2554513694&perks=1441682018,2822142346,951095735,2173046394
dimwishlist:item=2554513694&perks=1441682018,2822142346,951095735,3218042543
dimwishlist:item=2554513694&perks=1441682018,2822142346,951095735,2396489472


// Naeem's Lance - 纳伊姆的长矛 (pve)
//notes: 补输出缚丝速射狙。纯增伤幅度不如同为缚丝速射狙的带转向的转瞬长矛大爆，属于其下位，特色为三号位解构的构造体双增伤和级联点。 tags:pve
dimwishlist:item=4119503981&perks=839105230,1087426260,3418782618,555281244
dimwishlist:item=4119503981&perks=839105230,1087426260,3418782618,1089671869
dimwishlist:item=4119503981&perks=839105230,1087426260,3418782618,3751912585
dimwishlist:item=4119503981&perks=839105230,1087426260,1523832109,555281244
dimwishlist:item=4119503981&perks=839105230,1087426260,1523832109,1089671869
dimwishlist:item=4119503981&perks=839105230,1087426260,1523832109,3751912585
dimwishlist:item=4119503981&perks=839105230,1087426260,3993379141,555281244
dimwishlist:item=4119503981&perks=839105230,1087426260,3993379141,1089671869
dimwishlist:item=4119503981&perks=839105230,1087426260,3993379141,3751912585
dimwishlist:item=4119503981&perks=839105230,106909392,3418782618,555281244
dimwishlist:item=4119503981&perks=839105230,106909392,3418782618,1089671869
dimwishlist:item=4119503981&perks=839105230,106909392,3418782618,3751912585
dimwishlist:item=4119503981&perks=839105230,106909392,1523832109,555281244
dimwishlist:item=4119503981&perks=839105230,106909392,1523832109,1089671869
dimwishlist:item=4119503981&perks=839105230,106909392,1523832109,3751912585
dimwishlist:item=4119503981&perks=839105230,106909392,3993379141,555281244
dimwishlist:item=4119503981&perks=839105230,106909392,3993379141,1089671869
dimwishlist:item=4119503981&perks=839105230,106909392,3993379141,3751912585
dimwishlist:item=4119503981&perks=839105230,3230963543,3418782618,555281244
dimwishlist:item=4119503981&perks=839105230,3230963543,3418782618,1089671869
dimwishlist:item=4119503981&perks=839105230,3230963543,3418782618,3751912585
dimwishlist:item=4119503981&perks=839105230,3230963543,1523832109,555281244
dimwishlist:item=4119503981&perks=839105230,3230963543,1523832109,1089671869
dimwishlist:item=4119503981&perks=839105230,3230963543,1523832109,3751912585
dimwishlist:item=4119503981&perks=839105230,3230963543,3993379141,555281244
dimwishlist:item=4119503981&perks=839105230,3230963543,3993379141,1089671869
dimwishlist:item=4119503981&perks=839105230,3230963543,3993379141,3751912585
dimwishlist:item=4119503981&perks=1840239774,1087426260,3418782618,555281244
dimwishlist:item=4119503981&perks=1840239774,1087426260,3418782618,1089671869
dimwishlist:item=4119503981&perks=1840239774,1087426260,3418782618,3751912585
dimwishlist:item=4119503981&perks=1840239774,1087426260,1523832109,555281244
dimwishlist:item=4119503981&perks=1840239774,1087426260,1523832109,1089671869
dimwishlist:item=4119503981&perks=1840239774,1087426260,1523832109,3751912585
dimwishlist:item=4119503981&perks=1840239774,1087426260,3993379141,555281244
dimwishlist:item=4119503981&perks=1840239774,1087426260,3993379141,1089671869
dimwishlist:item=4119503981&perks=1840239774,1087426260,3993379141,3751912585
dimwishlist:item=4119503981&perks=1840239774,106909392,3418782618,555281244
dimwishlist:item=4119503981&perks=1840239774,106909392,3418782618,1089671869
dimwishlist:item=4119503981&perks=1840239774,106909392,3418782618,3751912585
dimwishlist:item=4119503981&perks=1840239774,106909392,1523832109,555281244
dimwishlist:item=4119503981&perks=1840239774,106909392,1523832109,1089671869
dimwishlist:item=4119503981&perks=1840239774,106909392,1523832109,3751912585
dimwishlist:item=4119503981&perks=1840239774,106909392,3993379141,555281244
dimwishlist:item=4119503981&perks=1840239774,106909392,3993379141,1089671869
dimwishlist:item=4119503981&perks=1840239774,106909392,3993379141,3751912585
dimwishlist:item=4119503981&perks=1840239774,3230963543,3418782618,555281244
dimwishlist:item=4119503981&perks=1840239774,3230963543,3418782618,1089671869
dimwishlist:item=4119503981&perks=1840239774,3230963543,3418782618,3751912585
dimwishlist:item=4119503981&perks=1840239774,3230963543,1523832109,555281244
dimwishlist:item=4119503981&perks=1840239774,3230963543,1523832109,1089671869
dimwishlist:item=4119503981&perks=1840239774,3230963543,1523832109,3751912585
dimwishlist:item=4119503981&perks=1840239774,3230963543,3993379141,555281244
dimwishlist:item=4119503981&perks=1840239774,3230963543,3993379141,1089671869
dimwishlist:item=4119503981&perks=1840239774,3230963543,3993379141,3751912585
dimwishlist:item=4119503981&perks=4090651448,1087426260,3418782618,555281244
dimwishlist:item=4119503981&perks=4090651448,1087426260,3418782618,1089671869
dimwishlist:item=4119503981&perks=4090651448,1087426260,3418782618,3751912585
dimwishlist:item=4119503981&perks=4090651448,1087426260,1523832109,555281244
dimwishlist:item=4119503981&perks=4090651448,1087426260,1523832109,1089671869
dimwishlist:item=4119503981&perks=4090651448,1087426260,1523832109,3751912585
dimwishlist:item=4119503981&perks=4090651448,1087426260,3993379141,555281244
dimwishlist:item=4119503981&perks=4090651448,1087426260,3993379141,1089671869
dimwishlist:item=4119503981&perks=4090651448,1087426260,3993379141,3751912585
dimwishlist:item=4119503981&perks=4090651448,106909392,3418782618,555281244
dimwishlist:item=4119503981&perks=4090651448,106909392,3418782618,1089671869
dimwishlist:item=4119503981&perks=4090651448,106909392,3418782618,3751912585
dimwishlist:item=4119503981&perks=4090651448,106909392,1523832109,555281244
dimwishlist:item=4119503981&perks=4090651448,106909392,1523832109,1089671869
dimwishlist:item=4119503981&perks=4090651448,106909392,1523832109,3751912585
dimwishlist:item=4119503981&perks=4090651448,106909392,3993379141,555281244
dimwishlist:item=4119503981&perks=4090651448,106909392,3993379141,1089671869
dimwishlist:item=4119503981&perks=4090651448,106909392,3993379141,3751912585
dimwishlist:item=4119503981&perks=4090651448,3230963543,3418782618,555281244
dimwishlist:item=4119503981&perks=4090651448,3230963543,3418782618,1089671869
dimwishlist:item=4119503981&perks=4090651448,3230963543,3418782618,3751912585
dimwishlist:item=4119503981&perks=4090651448,3230963543,1523832109,555281244
dimwishlist:item=4119503981&perks=4090651448,3230963543,1523832109,1089671869
dimwishlist:item=4119503981&perks=4090651448,3230963543,1523832109,3751912585
dimwishlist:item=4119503981&perks=4090651448,3230963543,3993379141,555281244
dimwishlist:item=4119503981&perks=4090651448,3230963543,3993379141,1089671869
dimwishlist:item=4119503981&perks=4090651448,3230963543,3993379141,3751912585


