title:地牢-异端深渊
description:凯旋纪念

// Adamantite - 金刚磐石 (god-pve)
//notes: 缚丝奶枪，可刷，三号位优先医治 tags:god-pve
dimwishlist:item=621450049&perks=839105230,1087426260,2980589453,2298656195
dimwishlist:item=621450049&perks=839105230,106909392,2980589453,2298656195
dimwishlist:item=621450049&perks=839105230,3230963543,2980589453,2298656195
dimwishlist:item=621450049&perks=1840239774,1087426260,2980589453,2298656195
dimwishlist:item=621450049&perks=1840239774,106909392,2980589453,2298656195
dimwishlist:item=621450049&perks=1840239774,3230963543,2980589453,2298656195
dimwishlist:item=621450049&perks=4090651448,1087426260,2980589453,2298656195
dimwishlist:item=621450049&perks=4090651448,106909392,2980589453,2298656195
dimwishlist:item=621450049&perks=4090651448,3230963543,2980589453,2298656195


// Refusal of the Call - 拒绝召唤 (god-pve)
//notes: 唯一破屏障的主手偃月，可刷 tags:god-pve
dimwishlist:item=1541324871&perks=923806249,3640170453
dimwishlist:item=1541324871&perks=923806249,1966281507
dimwishlist:item=1541324871&perks=1782407750,3640170453
dimwishlist:item=1541324871&perks=1782407750,1966281507
dimwishlist:item=1541324871&perks=1631667848,3640170453
dimwishlist:item=1541324871&perks=1631667848,1966281507


// Psychopomp - 送魂者 (god-pve)
//notes: 电粪坑，自填+产球，同时可以输出，必刷。产球和输出该有的都有，和速度指挥只差一个起源特性技能回转，总体还是很值得刷的，可以刷T5兼顾输出和日常产球。 tags:god-pve
dimwishlist:item=1835232052&perks=1478423395,2822142346,3300816228,243981275
dimwishlist:item=1835232052&perks=1478423395,2822142346,3300816228,2173046394
dimwishlist:item=1835232052&perks=1478423395,2822142346,3300816228,3764420437
dimwishlist:item=1835232052&perks=1478423395,2822142346,3300816228,1089671869
dimwishlist:item=1835232052&perks=1478423395,2822142346,3523296417,243981275
dimwishlist:item=1835232052&perks=1478423395,2822142346,3523296417,2173046394
dimwishlist:item=1835232052&perks=1478423395,2822142346,3523296417,3764420437
dimwishlist:item=1835232052&perks=1478423395,2822142346,3523296417,1089671869
dimwishlist:item=1835232052&perks=1478423395,2822142346,1017229899,243981275
dimwishlist:item=1835232052&perks=1478423395,2822142346,1017229899,2173046394
dimwishlist:item=1835232052&perks=1478423395,2822142346,1017229899,3764420437
dimwishlist:item=1835232052&perks=1478423395,2822142346,1017229899,1089671869
dimwishlist:item=1835232052&perks=1478423395,409831596,3300816228,243981275
dimwishlist:item=1835232052&perks=1478423395,409831596,3300816228,2173046394
dimwishlist:item=1835232052&perks=1478423395,409831596,3300816228,3764420437
dimwishlist:item=1835232052&perks=1478423395,409831596,3300816228,1089671869
dimwishlist:item=1835232052&perks=1478423395,409831596,3523296417,243981275
dimwishlist:item=1835232052&perks=1478423395,409831596,3523296417,2173046394
dimwishlist:item=1835232052&perks=1478423395,409831596,3523296417,3764420437
dimwishlist:item=1835232052&perks=1478423395,409831596,3523296417,1089671869
dimwishlist:item=1835232052&perks=1478423395,409831596,1017229899,243981275
dimwishlist:item=1835232052&perks=1478423395,409831596,1017229899,2173046394
dimwishlist:item=1835232052&perks=1478423395,409831596,1017229899,3764420437
dimwishlist:item=1835232052&perks=1478423395,409831596,1017229899,1089671869
dimwishlist:item=1835232052&perks=1478423395,3492396210,3300816228,243981275
dimwishlist:item=1835232052&perks=1478423395,3492396210,3300816228,2173046394
dimwishlist:item=1835232052&perks=1478423395,3492396210,3300816228,3764420437
dimwishlist:item=1835232052&perks=1478423395,3492396210,3300816228,1089671869
dimwishlist:item=1835232052&perks=1478423395,3492396210,3523296417,243981275
dimwishlist:item=1835232052&perks=1478423395,3492396210,3523296417,2173046394
dimwishlist:item=1835232052&perks=1478423395,3492396210,3523296417,3764420437
dimwishlist:item=1835232052&perks=1478423395,3492396210,3523296417,1089671869
dimwishlist:item=1835232052&perks=1478423395,3492396210,1017229899,243981275
dimwishlist:item=1835232052&perks=1478423395,3492396210,1017229899,2173046394
dimwishlist:item=1835232052&perks=1478423395,3492396210,1017229899,3764420437
dimwishlist:item=1835232052&perks=1478423395,3492396210,1017229899,1089671869
dimwishlist:item=1835232052&perks=1844523823,2822142346,3300816228,243981275
dimwishlist:item=1835232052&perks=1844523823,2822142346,3300816228,2173046394
dimwishlist:item=1835232052&perks=1844523823,2822142346,3300816228,3764420437
dimwishlist:item=1835232052&perks=1844523823,2822142346,3300816228,1089671869
dimwishlist:item=1835232052&perks=1844523823,2822142346,3523296417,243981275
dimwishlist:item=1835232052&perks=1844523823,2822142346,3523296417,2173046394
dimwishlist:item=1835232052&perks=1844523823,2822142346,3523296417,3764420437
dimwishlist:item=1835232052&perks=1844523823,2822142346,3523296417,1089671869
dimwishlist:item=1835232052&perks=1844523823,2822142346,1017229899,243981275
dimwishlist:item=1835232052&perks=1844523823,2822142346,1017229899,2173046394
dimwishlist:item=1835232052&perks=1844523823,2822142346,1017229899,3764420437
dimwishlist:item=1835232052&perks=1844523823,2822142346,1017229899,1089671869
dimwishlist:item=1835232052&perks=1844523823,409831596,3300816228,243981275
dimwishlist:item=1835232052&perks=1844523823,409831596,3300816228,2173046394
dimwishlist:item=1835232052&perks=1844523823,409831596,3300816228,3764420437
dimwishlist:item=1835232052&perks=1844523823,409831596,3300816228,1089671869
dimwishlist:item=1835232052&perks=1844523823,409831596,3523296417,243981275
dimwishlist:item=1835232052&perks=1844523823,409831596,3523296417,2173046394
dimwishlist:item=1835232052&perks=1844523823,409831596,3523296417,3764420437
dimwishlist:item=1835232052&perks=1844523823,409831596,3523296417,1089671869
dimwishlist:item=1835232052&perks=1844523823,409831596,1017229899,243981275
dimwishlist:item=1835232052&perks=1844523823,409831596,1017229899,2173046394
dimwishlist:item=1835232052&perks=1844523823,409831596,1017229899,3764420437
dimwishlist:item=1835232052&perks=1844523823,409831596,1017229899,1089671869
dimwishlist:item=1835232052&perks=1844523823,3492396210,3300816228,243981275
dimwishlist:item=1835232052&perks=1844523823,3492396210,3300816228,2173046394
dimwishlist:item=1835232052&perks=1844523823,3492396210,3300816228,3764420437
dimwishlist:item=1835232052&perks=1844523823,3492396210,3300816228,1089671869
dimwishlist:item=1835232052&perks=1844523823,3492396210,3523296417,243981275
dimwishlist:item=1835232052&perks=1844523823,3492396210,3523296417,2173046394
dimwishlist:item=1835232052&perks=1844523823,3492396210,3523296417,3764420437
dimwishlist:item=1835232052&perks=1844523823,3492396210,3523296417,1089671869
dimwishlist:item=1835232052&perks=1844523823,3492396210,1017229899,243981275
dimwishlist:item=1835232052&perks=1844523823,3492396210,1017229899,2173046394
dimwishlist:item=1835232052&perks=1844523823,3492396210,1017229899,3764420437
dimwishlist:item=1835232052&perks=1844523823,3492396210,1017229899,1089671869
dimwishlist:item=1835232052&perks=1441682018,2822142346,3300816228,243981275
dimwishlist:item=1835232052&perks=1441682018,2822142346,3300816228,2173046394
dimwishlist:item=1835232052&perks=1441682018,2822142346,3300816228,3764420437
dimwishlist:item=1835232052&perks=1441682018,2822142346,3300816228,1089671869
dimwishlist:item=1835232052&perks=1441682018,2822142346,3523296417,243981275
dimwishlist:item=1835232052&perks=1441682018,2822142346,3523296417,2173046394
dimwishlist:item=1835232052&perks=1441682018,2822142346,3523296417,3764420437
dimwishlist:item=1835232052&perks=1441682018,2822142346,3523296417,1089671869
dimwishlist:item=1835232052&perks=1441682018,2822142346,1017229899,243981275
dimwishlist:item=1835232052&perks=1441682018,2822142346,1017229899,2173046394
dimwishlist:item=1835232052&perks=1441682018,2822142346,1017229899,3764420437
dimwishlist:item=1835232052&perks=1441682018,2822142346,1017229899,1089671869
dimwishlist:item=1835232052&perks=1441682018,409831596,3300816228,243981275
dimwishlist:item=1835232052&perks=1441682018,409831596,3300816228,2173046394
dimwishlist:item=1835232052&perks=1441682018,409831596,3300816228,3764420437
dimwishlist:item=1835232052&perks=1441682018,409831596,3300816228,1089671869
dimwishlist:item=1835232052&perks=1441682018,409831596,3523296417,243981275
dimwishlist:item=1835232052&perks=1441682018,409831596,3523296417,2173046394
dimwishlist:item=1835232052&perks=1441682018,409831596,3523296417,3764420437
dimwishlist:item=1835232052&perks=1441682018,409831596,3523296417,1089671869
dimwishlist:item=1835232052&perks=1441682018,409831596,1017229899,243981275
dimwishlist:item=1835232052&perks=1441682018,409831596,1017229899,2173046394
dimwishlist:item=1835232052&perks=1441682018,409831596,1017229899,3764420437
dimwishlist:item=1835232052&perks=1441682018,409831596,1017229899,1089671869
dimwishlist:item=1835232052&perks=1441682018,3492396210,3300816228,243981275
dimwishlist:item=1835232052&perks=1441682018,3492396210,3300816228,2173046394
dimwishlist:item=1835232052&perks=1441682018,3492396210,3300816228,3764420437
dimwishlist:item=1835232052&perks=1441682018,3492396210,3300816228,1089671869
dimwishlist:item=1835232052&perks=1441682018,3492396210,3523296417,243981275
dimwishlist:item=1835232052&perks=1441682018,3492396210,3523296417,2173046394
dimwishlist:item=1835232052&perks=1441682018,3492396210,3523296417,3764420437
dimwishlist:item=1835232052&perks=1441682018,3492396210,3523296417,1089671869
dimwishlist:item=1835232052&perks=1441682018,3492396210,1017229899,243981275
dimwishlist:item=1835232052&perks=1441682018,3492396210,1017229899,2173046394
dimwishlist:item=1835232052&perks=1441682018,3492396210,1017229899,3764420437
dimwishlist:item=1835232052&perks=1441682018,3492396210,1017229899,1089671869
dimwishlist:item=1835232052&perks=3525010810,2822142346,3300816228,243981275
dimwishlist:item=1835232052&perks=3525010810,2822142346,3300816228,2173046394
dimwishlist:item=1835232052&perks=3525010810,2822142346,3300816228,3764420437
dimwishlist:item=1835232052&perks=3525010810,2822142346,3300816228,1089671869
dimwishlist:item=1835232052&perks=3525010810,2822142346,3523296417,243981275
dimwishlist:item=1835232052&perks=3525010810,2822142346,3523296417,2173046394
dimwishlist:item=1835232052&perks=3525010810,2822142346,3523296417,3764420437
dimwishlist:item=1835232052&perks=3525010810,2822142346,3523296417,1089671869
dimwishlist:item=1835232052&perks=3525010810,2822142346,1017229899,243981275
dimwishlist:item=1835232052&perks=3525010810,2822142346,1017229899,2173046394
dimwishlist:item=1835232052&perks=3525010810,2822142346,1017229899,3764420437
dimwishlist:item=1835232052&perks=3525010810,2822142346,1017229899,1089671869
dimwishlist:item=1835232052&perks=3525010810,409831596,3300816228,243981275
dimwishlist:item=1835232052&perks=3525010810,409831596,3300816228,2173046394
dimwishlist:item=1835232052&perks=3525010810,409831596,3300816228,3764420437
dimwishlist:item=1835232052&perks=3525010810,409831596,3300816228,1089671869
dimwishlist:item=1835232052&perks=3525010810,409831596,3523296417,243981275
dimwishlist:item=1835232052&perks=3525010810,409831596,3523296417,2173046394
dimwishlist:item=1835232052&perks=3525010810,409831596,3523296417,3764420437
dimwishlist:item=1835232052&perks=3525010810,409831596,3523296417,1089671869
dimwishlist:item=1835232052&perks=3525010810,409831596,1017229899,243981275
dimwishlist:item=1835232052&perks=3525010810,409831596,1017229899,2173046394
dimwishlist:item=1835232052&perks=3525010810,409831596,1017229899,3764420437
dimwishlist:item=1835232052&perks=3525010810,409831596,1017229899,1089671869
dimwishlist:item=1835232052&perks=3525010810,3492396210,3300816228,243981275
dimwishlist:item=1835232052&perks=3525010810,3492396210,3300816228,2173046394
dimwishlist:item=1835232052&perks=3525010810,3492396210,3300816228,3764420437
dimwishlist:item=1835232052&perks=3525010810,3492396210,3300816228,1089671869
dimwishlist:item=1835232052&perks=3525010810,3492396210,3523296417,243981275
dimwishlist:item=1835232052&perks=3525010810,3492396210,3523296417,2173046394
dimwishlist:item=1835232052&perks=3525010810,3492396210,3523296417,3764420437
dimwishlist:item=1835232052&perks=3525010810,3492396210,3523296417,1089671869
dimwishlist:item=1835232052&perks=3525010810,3492396210,1017229899,243981275
dimwishlist:item=1835232052&perks=3525010810,3492396210,1017229899,2173046394
dimwishlist:item=1835232052&perks=3525010810,3492396210,1017229899,3764420437
dimwishlist:item=1835232052&perks=3525010810,3492396210,1017229899,1089671869
dimwishlist:item=1835232052&perks=3798852852,2822142346,3300816228,243981275
dimwishlist:item=1835232052&perks=3798852852,2822142346,3300816228,2173046394
dimwishlist:item=1835232052&perks=3798852852,2822142346,3300816228,3764420437
dimwishlist:item=1835232052&perks=3798852852,2822142346,3300816228,1089671869
dimwishlist:item=1835232052&perks=3798852852,2822142346,3523296417,243981275
dimwishlist:item=1835232052&perks=3798852852,2822142346,3523296417,2173046394
dimwishlist:item=1835232052&perks=3798852852,2822142346,3523296417,3764420437
dimwishlist:item=1835232052&perks=3798852852,2822142346,3523296417,1089671869
dimwishlist:item=1835232052&perks=3798852852,2822142346,1017229899,243981275
dimwishlist:item=1835232052&perks=3798852852,2822142346,1017229899,2173046394
dimwishlist:item=1835232052&perks=3798852852,2822142346,1017229899,3764420437
dimwishlist:item=1835232052&perks=3798852852,2822142346,1017229899,1089671869
dimwishlist:item=1835232052&perks=3798852852,409831596,3300816228,243981275
dimwishlist:item=1835232052&perks=3798852852,409831596,3300816228,2173046394
dimwishlist:item=1835232052&perks=3798852852,409831596,3300816228,3764420437
dimwishlist:item=1835232052&perks=3798852852,409831596,3300816228,1089671869
dimwishlist:item=1835232052&perks=3798852852,409831596,3523296417,243981275
dimwishlist:item=1835232052&perks=3798852852,409831596,3523296417,2173046394
dimwishlist:item=1835232052&perks=3798852852,409831596,3523296417,3764420437
dimwishlist:item=1835232052&perks=3798852852,409831596,3523296417,1089671869
dimwishlist:item=1835232052&perks=3798852852,409831596,1017229899,243981275
dimwishlist:item=1835232052&perks=3798852852,409831596,1017229899,2173046394
dimwishlist:item=1835232052&perks=3798852852,409831596,1017229899,3764420437
dimwishlist:item=1835232052&perks=3798852852,409831596,1017229899,1089671869
dimwishlist:item=1835232052&perks=3798852852,3492396210,3300816228,243981275
dimwishlist:item=1835232052&perks=3798852852,3492396210,3300816228,2173046394
dimwishlist:item=1835232052&perks=3798852852,3492396210,3300816228,3764420437
dimwishlist:item=1835232052&perks=3798852852,3492396210,3300816228,1089671869
dimwishlist:item=1835232052&perks=3798852852,3492396210,3523296417,243981275
dimwishlist:item=1835232052&perks=3798852852,3492396210,3523296417,2173046394
dimwishlist:item=1835232052&perks=3798852852,3492396210,3523296417,3764420437
dimwishlist:item=1835232052&perks=3798852852,3492396210,3523296417,1089671869
dimwishlist:item=1835232052&perks=3798852852,3492396210,1017229899,243981275
dimwishlist:item=1835232052&perks=3798852852,3492396210,1017229899,2173046394
dimwishlist:item=1835232052&perks=3798852852,3492396210,1017229899,3764420437
dimwishlist:item=1835232052&perks=3798852852,3492396210,1017229899,1089671869


// Eyes Unveiled - 揭纱露眼 (god-pve)
//notes: 虚空属性，叠满上限比灾变高点(但难叠满),可刷 tags:god-pve
dimwishlist:item=4147428506&perks=839105230,689005463,1354429876,555281244
dimwishlist:item=4147428506&perks=839105230,689005463,1354429876,1089671869
dimwishlist:item=4147428506&perks=839105230,2680121939,1354429876,555281244
dimwishlist:item=4147428506&perks=839105230,2680121939,1354429876,1089671869
dimwishlist:item=4147428506&perks=1840239774,689005463,1354429876,555281244
dimwishlist:item=4147428506&perks=1840239774,689005463,1354429876,1089671869
dimwishlist:item=4147428506&perks=1840239774,2680121939,1354429876,555281244
dimwishlist:item=4147428506&perks=1840239774,2680121939,1354429876,1089671869
dimwishlist:item=4147428506&perks=4090651448,689005463,1354429876,555281244
dimwishlist:item=4147428506&perks=4090651448,689005463,1354429876,1089671869
dimwishlist:item=4147428506&perks=4090651448,2680121939,1354429876,555281244
dimwishlist:item=4147428506&perks=4090651448,2680121939,1354429876,1089671869


