title:地牢-破碎王座
description:凯旋纪念碑

// Chrysura Melo - 光鳃之调 (god-pve)
//notes: 免费上增幅，医治+能量球必带，其余锦上添花，电奶枪医治给增幅 tags:god-pve
dimwishlist:item=1750388538&perks=839105230,1087426260,2980589453,243981275
dimwishlist:item=1750388538&perks=839105230,106909392,2980589453,243981275
dimwishlist:item=1750388538&perks=839105230,3230963543,2980589453,243981275
dimwishlist:item=1750388538&perks=1840239774,1087426260,2980589453,243981275
dimwishlist:item=1750388538&perks=1840239774,106909392,2980589453,243981275
dimwishlist:item=1750388538&perks=1840239774,3230963543,2980589453,243981275
dimwishlist:item=1750388538&perks=4090651448,1087426260,2980589453,243981275
dimwishlist:item=1750388538&perks=4090651448,106909392,2980589453,243981275
dimwishlist:item=1750388538&perks=4090651448,3230963543,2980589453,243981275


// Canis Major - 大犬座 (god-pve)
//notes: 顶级火榴弹，必刷（实际上火榴弹也没几把）。触发增伤剩格调就能玩的短轴爆发，一般重建+诱导即可，多人输出也可聚合充能，爆炸光能配大量宝库套续球，否则不用。狂暴极端限制场合，能叠起来数值足够 tags:god-pve
dimwishlist:item=2966714447&perks=1478423395,3301904089,1523832109,3078487919
dimwishlist:item=2966714447&perks=1478423395,3301904089,1523832109,3764420437
dimwishlist:item=2966714447&perks=1478423395,3301904089,1523832109,2888557110
dimwishlist:item=2966714447&perks=1478423395,3301904089,1523832109,3194351027
dimwishlist:item=2966714447&perks=1478423395,3301904089,2284787283,3078487919
dimwishlist:item=2966714447&perks=1478423395,3301904089,2284787283,3764420437
dimwishlist:item=2966714447&perks=1478423395,3301904089,2284787283,2888557110
dimwishlist:item=2966714447&perks=1478423395,3301904089,2284787283,3194351027
dimwishlist:item=2966714447&perks=1478423395,409831596,1523832109,3078487919
dimwishlist:item=2966714447&perks=1478423395,409831596,1523832109,3764420437
dimwishlist:item=2966714447&perks=1478423395,409831596,1523832109,2888557110
dimwishlist:item=2966714447&perks=1478423395,409831596,1523832109,3194351027
dimwishlist:item=2966714447&perks=1478423395,409831596,2284787283,3078487919
dimwishlist:item=2966714447&perks=1478423395,409831596,2284787283,3764420437
dimwishlist:item=2966714447&perks=1478423395,409831596,2284787283,2888557110
dimwishlist:item=2966714447&perks=1478423395,409831596,2284787283,3194351027
dimwishlist:item=2966714447&perks=1478423395,2985827016,1523832109,3078487919
dimwishlist:item=2966714447&perks=1478423395,2985827016,1523832109,3764420437
dimwishlist:item=2966714447&perks=1478423395,2985827016,1523832109,2888557110
dimwishlist:item=2966714447&perks=1478423395,2985827016,1523832109,3194351027
dimwishlist:item=2966714447&perks=1478423395,2985827016,2284787283,3078487919
dimwishlist:item=2966714447&perks=1478423395,2985827016,2284787283,3764420437
dimwishlist:item=2966714447&perks=1478423395,2985827016,2284787283,2888557110
dimwishlist:item=2966714447&perks=1478423395,2985827016,2284787283,3194351027
dimwishlist:item=2966714447&perks=1478423395,2822142346,1523832109,3078487919
dimwishlist:item=2966714447&perks=1478423395,2822142346,1523832109,3764420437
dimwishlist:item=2966714447&perks=1478423395,2822142346,1523832109,2888557110
dimwishlist:item=2966714447&perks=1478423395,2822142346,1523832109,3194351027
dimwishlist:item=2966714447&perks=1478423395,2822142346,2284787283,3078487919
dimwishlist:item=2966714447&perks=1478423395,2822142346,2284787283,3764420437
dimwishlist:item=2966714447&perks=1478423395,2822142346,2284787283,2888557110
dimwishlist:item=2966714447&perks=1478423395,2822142346,2284787283,3194351027
dimwishlist:item=2966714447&perks=1844523823,3301904089,1523832109,3078487919
dimwishlist:item=2966714447&perks=1844523823,3301904089,1523832109,3764420437
dimwishlist:item=2966714447&perks=1844523823,3301904089,1523832109,2888557110
dimwishlist:item=2966714447&perks=1844523823,3301904089,1523832109,3194351027
dimwishlist:item=2966714447&perks=1844523823,3301904089,2284787283,3078487919
dimwishlist:item=2966714447&perks=1844523823,3301904089,2284787283,3764420437
dimwishlist:item=2966714447&perks=1844523823,3301904089,2284787283,2888557110
dimwishlist:item=2966714447&perks=1844523823,3301904089,2284787283,3194351027
dimwishlist:item=2966714447&perks=1844523823,409831596,1523832109,3078487919
dimwishlist:item=2966714447&perks=1844523823,409831596,1523832109,3764420437
dimwishlist:item=2966714447&perks=1844523823,409831596,1523832109,2888557110
dimwishlist:item=2966714447&perks=1844523823,409831596,1523832109,3194351027
dimwishlist:item=2966714447&perks=1844523823,409831596,2284787283,3078487919
dimwishlist:item=2966714447&perks=1844523823,409831596,2284787283,3764420437
dimwishlist:item=2966714447&perks=1844523823,409831596,2284787283,2888557110
dimwishlist:item=2966714447&perks=1844523823,409831596,2284787283,3194351027
dimwishlist:item=2966714447&perks=1844523823,2985827016,1523832109,3078487919
dimwishlist:item=2966714447&perks=1844523823,2985827016,1523832109,3764420437
dimwishlist:item=2966714447&perks=1844523823,2985827016,1523832109,2888557110
dimwishlist:item=2966714447&perks=1844523823,2985827016,1523832109,3194351027
dimwishlist:item=2966714447&perks=1844523823,2985827016,2284787283,3078487919
dimwishlist:item=2966714447&perks=1844523823,2985827016,2284787283,3764420437
dimwishlist:item=2966714447&perks=1844523823,2985827016,2284787283,2888557110
dimwishlist:item=2966714447&perks=1844523823,2985827016,2284787283,3194351027
dimwishlist:item=2966714447&perks=1844523823,2822142346,1523832109,3078487919
dimwishlist:item=2966714447&perks=1844523823,2822142346,1523832109,3764420437
dimwishlist:item=2966714447&perks=1844523823,2822142346,1523832109,2888557110
dimwishlist:item=2966714447&perks=1844523823,2822142346,1523832109,3194351027
dimwishlist:item=2966714447&perks=1844523823,2822142346,2284787283,3078487919
dimwishlist:item=2966714447&perks=1844523823,2822142346,2284787283,3764420437
dimwishlist:item=2966714447&perks=1844523823,2822142346,2284787283,2888557110
dimwishlist:item=2966714447&perks=1844523823,2822142346,2284787283,3194351027
dimwishlist:item=2966714447&perks=1441682018,3301904089,1523832109,3078487919
dimwishlist:item=2966714447&perks=1441682018,3301904089,1523832109,3764420437
dimwishlist:item=2966714447&perks=1441682018,3301904089,1523832109,2888557110
dimwishlist:item=2966714447&perks=1441682018,3301904089,1523832109,3194351027
dimwishlist:item=2966714447&perks=1441682018,3301904089,2284787283,3078487919
dimwishlist:item=2966714447&perks=1441682018,3301904089,2284787283,3764420437
dimwishlist:item=2966714447&perks=1441682018,3301904089,2284787283,2888557110
dimwishlist:item=2966714447&perks=1441682018,3301904089,2284787283,3194351027
dimwishlist:item=2966714447&perks=1441682018,409831596,1523832109,3078487919
dimwishlist:item=2966714447&perks=1441682018,409831596,1523832109,3764420437
dimwishlist:item=2966714447&perks=1441682018,409831596,1523832109,2888557110
dimwishlist:item=2966714447&perks=1441682018,409831596,1523832109,3194351027
dimwishlist:item=2966714447&perks=1441682018,409831596,2284787283,3078487919
dimwishlist:item=2966714447&perks=1441682018,409831596,2284787283,3764420437
dimwishlist:item=2966714447&perks=1441682018,409831596,2284787283,2888557110
dimwishlist:item=2966714447&perks=1441682018,409831596,2284787283,3194351027
dimwishlist:item=2966714447&perks=1441682018,2985827016,1523832109,3078487919
dimwishlist:item=2966714447&perks=1441682018,2985827016,1523832109,3764420437
dimwishlist:item=2966714447&perks=1441682018,2985827016,1523832109,2888557110
dimwishlist:item=2966714447&perks=1441682018,2985827016,1523832109,3194351027
dimwishlist:item=2966714447&perks=1441682018,2985827016,2284787283,3078487919
dimwishlist:item=2966714447&perks=1441682018,2985827016,2284787283,3764420437
dimwishlist:item=2966714447&perks=1441682018,2985827016,2284787283,2888557110
dimwishlist:item=2966714447&perks=1441682018,2985827016,2284787283,3194351027
dimwishlist:item=2966714447&perks=1441682018,2822142346,1523832109,3078487919
dimwishlist:item=2966714447&perks=1441682018,2822142346,1523832109,3764420437
dimwishlist:item=2966714447&perks=1441682018,2822142346,1523832109,2888557110
dimwishlist:item=2966714447&perks=1441682018,2822142346,1523832109,3194351027
dimwishlist:item=2966714447&perks=1441682018,2822142346,2284787283,3078487919
dimwishlist:item=2966714447&perks=1441682018,2822142346,2284787283,3764420437
dimwishlist:item=2966714447&perks=1441682018,2822142346,2284787283,2888557110
dimwishlist:item=2966714447&perks=1441682018,2822142346,2284787283,3194351027
dimwishlist:item=2966714447&perks=3525010810,3301904089,1523832109,3078487919
dimwishlist:item=2966714447&perks=3525010810,3301904089,1523832109,3764420437
dimwishlist:item=2966714447&perks=3525010810,3301904089,1523832109,2888557110
dimwishlist:item=2966714447&perks=3525010810,3301904089,1523832109,3194351027
dimwishlist:item=2966714447&perks=3525010810,3301904089,2284787283,3078487919
dimwishlist:item=2966714447&perks=3525010810,3301904089,2284787283,3764420437
dimwishlist:item=2966714447&perks=3525010810,3301904089,2284787283,2888557110
dimwishlist:item=2966714447&perks=3525010810,3301904089,2284787283,3194351027
dimwishlist:item=2966714447&perks=3525010810,409831596,1523832109,3078487919
dimwishlist:item=2966714447&perks=3525010810,409831596,1523832109,3764420437
dimwishlist:item=2966714447&perks=3525010810,409831596,1523832109,2888557110
dimwishlist:item=2966714447&perks=3525010810,409831596,1523832109,3194351027
dimwishlist:item=2966714447&perks=3525010810,409831596,2284787283,3078487919
dimwishlist:item=2966714447&perks=3525010810,409831596,2284787283,3764420437
dimwishlist:item=2966714447&perks=3525010810,409831596,2284787283,2888557110
dimwishlist:item=2966714447&perks=3525010810,409831596,2284787283,3194351027
dimwishlist:item=2966714447&perks=3525010810,2985827016,1523832109,3078487919
dimwishlist:item=2966714447&perks=3525010810,2985827016,1523832109,3764420437
dimwishlist:item=2966714447&perks=3525010810,2985827016,1523832109,2888557110
dimwishlist:item=2966714447&perks=3525010810,2985827016,1523832109,3194351027
dimwishlist:item=2966714447&perks=3525010810,2985827016,2284787283,3078487919
dimwishlist:item=2966714447&perks=3525010810,2985827016,2284787283,3764420437
dimwishlist:item=2966714447&perks=3525010810,2985827016,2284787283,2888557110
dimwishlist:item=2966714447&perks=3525010810,2985827016,2284787283,3194351027
dimwishlist:item=2966714447&perks=3525010810,2822142346,1523832109,3078487919
dimwishlist:item=2966714447&perks=3525010810,2822142346,1523832109,3764420437
dimwishlist:item=2966714447&perks=3525010810,2822142346,1523832109,2888557110
dimwishlist:item=2966714447&perks=3525010810,2822142346,1523832109,3194351027
dimwishlist:item=2966714447&perks=3525010810,2822142346,2284787283,3078487919
dimwishlist:item=2966714447&perks=3525010810,2822142346,2284787283,3764420437
dimwishlist:item=2966714447&perks=3525010810,2822142346,2284787283,2888557110
dimwishlist:item=2966714447&perks=3525010810,2822142346,2284787283,3194351027
dimwishlist:item=2966714447&perks=3798852852,3301904089,1523832109,3078487919
dimwishlist:item=2966714447&perks=3798852852,3301904089,1523832109,3764420437
dimwishlist:item=2966714447&perks=3798852852,3301904089,1523832109,2888557110
dimwishlist:item=2966714447&perks=3798852852,3301904089,1523832109,3194351027
dimwishlist:item=2966714447&perks=3798852852,3301904089,2284787283,3078487919
dimwishlist:item=2966714447&perks=3798852852,3301904089,2284787283,3764420437
dimwishlist:item=2966714447&perks=3798852852,3301904089,2284787283,2888557110
dimwishlist:item=2966714447&perks=3798852852,3301904089,2284787283,3194351027
dimwishlist:item=2966714447&perks=3798852852,409831596,1523832109,3078487919
dimwishlist:item=2966714447&perks=3798852852,409831596,1523832109,3764420437
dimwishlist:item=2966714447&perks=3798852852,409831596,1523832109,2888557110
dimwishlist:item=2966714447&perks=3798852852,409831596,1523832109,3194351027
dimwishlist:item=2966714447&perks=3798852852,409831596,2284787283,3078487919
dimwishlist:item=2966714447&perks=3798852852,409831596,2284787283,3764420437
dimwishlist:item=2966714447&perks=3798852852,409831596,2284787283,2888557110
dimwishlist:item=2966714447&perks=3798852852,409831596,2284787283,3194351027
dimwishlist:item=2966714447&perks=3798852852,2985827016,1523832109,3078487919
dimwishlist:item=2966714447&perks=3798852852,2985827016,1523832109,3764420437
dimwishlist:item=2966714447&perks=3798852852,2985827016,1523832109,2888557110
dimwishlist:item=2966714447&perks=3798852852,2985827016,1523832109,3194351027
dimwishlist:item=2966714447&perks=3798852852,2985827016,2284787283,3078487919
dimwishlist:item=2966714447&perks=3798852852,2985827016,2284787283,3764420437
dimwishlist:item=2966714447&perks=3798852852,2985827016,2284787283,2888557110
dimwishlist:item=2966714447&perks=3798852852,2985827016,2284787283,3194351027
dimwishlist:item=2966714447&perks=3798852852,2822142346,1523832109,3078487919
dimwishlist:item=2966714447&perks=3798852852,2822142346,1523832109,3764420437
dimwishlist:item=2966714447&perks=3798852852,2822142346,1523832109,2888557110
dimwishlist:item=2966714447&perks=3798852852,2822142346,1523832109,3194351027
dimwishlist:item=2966714447&perks=3798852852,2822142346,2284787283,3078487919
dimwishlist:item=2966714447&perks=3798852852,2822142346,2284787283,3764420437
dimwishlist:item=2966714447&perks=3798852852,2822142346,2284787283,2888557110
dimwishlist:item=2966714447&perks=3798852852,2822142346,2284787283,3194351027


// Fractethyst - 碎晶石 (god-pve)
//notes: 常规为PVP枪，也可以留一把pve破屏障用，在主手精密里算好的。现在精密喷可以破屏障了，打拳+战壕增伤，正好能用 tags:god-pve
dimwishlist:item=2993995118&perks=1482024992,791862061,2679249093,2360754333
dimwishlist:item=2993995118&perks=1482024992,106909392,2679249093,2360754333
dimwishlist:item=2993995118&perks=1482024992,1087426260,2679249093,2360754333
dimwishlist:item=2993995118&perks=1300023272,791862061,2679249093,2360754333
dimwishlist:item=2993995118&perks=1300023272,106909392,2679249093,2360754333
dimwishlist:item=2993995118&perks=1300023272,1087426260,2679249093,2360754333
dimwishlist:item=2993995118&perks=4090651448,791862061,2679249093,2360754333
dimwishlist:item=2993995118&perks=4090651448,106909392,2679249093,2360754333
dimwishlist:item=2993995118&perks=4090651448,1087426260,2679249093,2360754333


// Vulpecula - 星狐座 (god-pve)
//notes: 必刷，边打边劫+高爆必带，其余附赠 tags:god-pve
dimwishlist:item=3245446311&perks=839105230,106909392,3700496672,3038247973
dimwishlist:item=3245446311&perks=839105230,3230963543,3700496672,3038247973
dimwishlist:item=3245446311&perks=1840239774,106909392,3700496672,3038247973
dimwishlist:item=3245446311&perks=1840239774,3230963543,3700496672,3038247973
dimwishlist:item=3245446311&perks=4090651448,106909392,3700496672,3038247973
dimwishlist:item=3245446311&perks=4090651448,3230963543,3700496672,3038247973


