title:地牢-深渊机灵
description:凯旋纪念

// Cold Comfort - 冰冷安慰 (pve)
//notes: tags:pve
dimwishlist:item=2287287549&perks=1478423395,2822142346,1523832109,113508675
dimwishlist:item=2287287549&perks=1478423395,2822142346,1523832109,3194351027
dimwishlist:item=2287287549&perks=1478423395,2822142346,1523832109,3078487919
dimwishlist:item=2287287549&perks=1478423395,2822142346,1523832109,3764420437
dimwishlist:item=2287287549&perks=1478423395,2822142346,2978966579,113508675
dimwishlist:item=2287287549&perks=1478423395,2822142346,2978966579,3194351027
dimwishlist:item=2287287549&perks=1478423395,2822142346,2978966579,3078487919
dimwishlist:item=2287287549&perks=1478423395,2822142346,2978966579,3764420437
dimwishlist:item=2287287549&perks=1478423395,2822142346,1546637391,113508675
dimwishlist:item=2287287549&perks=1478423395,2822142346,1546637391,3194351027
dimwishlist:item=2287287549&perks=1478423395,2822142346,1546637391,3078487919
dimwishlist:item=2287287549&perks=1478423395,2822142346,1546637391,3764420437
dimwishlist:item=2287287549&perks=1478423395,3796465595,1523832109,113508675
dimwishlist:item=2287287549&perks=1478423395,3796465595,1523832109,3194351027
dimwishlist:item=2287287549&perks=1478423395,3796465595,1523832109,3078487919
dimwishlist:item=2287287549&perks=1478423395,3796465595,1523832109,3764420437
dimwishlist:item=2287287549&perks=1478423395,3796465595,2978966579,113508675
dimwishlist:item=2287287549&perks=1478423395,3796465595,2978966579,3194351027
dimwishlist:item=2287287549&perks=1478423395,3796465595,2978966579,3078487919
dimwishlist:item=2287287549&perks=1478423395,3796465595,2978966579,3764420437
dimwishlist:item=2287287549&perks=1478423395,3796465595,1546637391,113508675
dimwishlist:item=2287287549&perks=1478423395,3796465595,1546637391,3194351027
dimwishlist:item=2287287549&perks=1478423395,3796465595,1546637391,3078487919
dimwishlist:item=2287287549&perks=1478423395,3796465595,1546637391,3764420437
dimwishlist:item=2287287549&perks=1441682018,2822142346,1523832109,113508675
dimwishlist:item=2287287549&perks=1441682018,2822142346,1523832109,3194351027
dimwishlist:item=2287287549&perks=1441682018,2822142346,1523832109,3078487919
dimwishlist:item=2287287549&perks=1441682018,2822142346,1523832109,3764420437
dimwishlist:item=2287287549&perks=1441682018,2822142346,2978966579,113508675
dimwishlist:item=2287287549&perks=1441682018,2822142346,2978966579,3194351027
dimwishlist:item=2287287549&perks=1441682018,2822142346,2978966579,3078487919
dimwishlist:item=2287287549&perks=1441682018,2822142346,2978966579,3764420437
dimwishlist:item=2287287549&perks=1441682018,2822142346,1546637391,113508675
dimwishlist:item=2287287549&perks=1441682018,2822142346,1546637391,3194351027
dimwishlist:item=2287287549&perks=1441682018,2822142346,1546637391,3078487919
dimwishlist:item=2287287549&perks=1441682018,2822142346,1546637391,3764420437
dimwishlist:item=2287287549&perks=1441682018,3796465595,1523832109,113508675
dimwishlist:item=2287287549&perks=1441682018,3796465595,1523832109,3194351027
dimwishlist:item=2287287549&perks=1441682018,3796465595,1523832109,3078487919
dimwishlist:item=2287287549&perks=1441682018,3796465595,1523832109,3764420437
dimwishlist:item=2287287549&perks=1441682018,3796465595,2978966579,113508675
dimwishlist:item=2287287549&perks=1441682018,3796465595,2978966579,3194351027
dimwishlist:item=2287287549&perks=1441682018,3796465595,2978966579,3078487919
dimwishlist:item=2287287549&perks=1441682018,3796465595,2978966579,3764420437
dimwishlist:item=2287287549&perks=1441682018,3796465595,1546637391,113508675
dimwishlist:item=2287287549&perks=1441682018,3796465595,1546637391,3194351027
dimwishlist:item=2287287549&perks=1441682018,3796465595,1546637391,3078487919
dimwishlist:item=2287287549&perks=1441682018,3796465595,1546637391,3764420437
dimwishlist:item=2287287549&perks=3525010810,2822142346,1523832109,113508675
dimwishlist:item=2287287549&perks=3525010810,2822142346,1523832109,3194351027
dimwishlist:item=2287287549&perks=3525010810,2822142346,1523832109,3078487919
dimwishlist:item=2287287549&perks=3525010810,2822142346,1523832109,3764420437
dimwishlist:item=2287287549&perks=3525010810,2822142346,2978966579,113508675
dimwishlist:item=2287287549&perks=3525010810,2822142346,2978966579,3194351027
dimwishlist:item=2287287549&perks=3525010810,2822142346,2978966579,3078487919
dimwishlist:item=2287287549&perks=3525010810,2822142346,2978966579,3764420437
dimwishlist:item=2287287549&perks=3525010810,2822142346,1546637391,113508675
dimwishlist:item=2287287549&perks=3525010810,2822142346,1546637391,3194351027
dimwishlist:item=2287287549&perks=3525010810,2822142346,1546637391,3078487919
dimwishlist:item=2287287549&perks=3525010810,2822142346,1546637391,3764420437
dimwishlist:item=2287287549&perks=3525010810,3796465595,1523832109,113508675
dimwishlist:item=2287287549&perks=3525010810,3796465595,1523832109,3194351027
dimwishlist:item=2287287549&perks=3525010810,3796465595,1523832109,3078487919
dimwishlist:item=2287287549&perks=3525010810,3796465595,1523832109,3764420437
dimwishlist:item=2287287549&perks=3525010810,3796465595,2978966579,113508675
dimwishlist:item=2287287549&perks=3525010810,3796465595,2978966579,3194351027
dimwishlist:item=2287287549&perks=3525010810,3796465595,2978966579,3078487919
dimwishlist:item=2287287549&perks=3525010810,3796465595,2978966579,3764420437
dimwishlist:item=2287287549&perks=3525010810,3796465595,1546637391,113508675
dimwishlist:item=2287287549&perks=3525010810,3796465595,1546637391,3194351027
dimwishlist:item=2287287549&perks=3525010810,3796465595,1546637391,3078487919
dimwishlist:item=2287287549&perks=3525010810,3796465595,1546637391,3764420437
dimwishlist:item=2287287549&perks=3798852852,2822142346,1523832109,113508675
dimwishlist:item=2287287549&perks=3798852852,2822142346,1523832109,3194351027
dimwishlist:item=2287287549&perks=3798852852,2822142346,1523832109,3078487919
dimwishlist:item=2287287549&perks=3798852852,2822142346,1523832109,3764420437
dimwishlist:item=2287287549&perks=3798852852,2822142346,2978966579,113508675
dimwishlist:item=2287287549&perks=3798852852,2822142346,2978966579,3194351027
dimwishlist:item=2287287549&perks=3798852852,2822142346,2978966579,3078487919
dimwishlist:item=2287287549&perks=3798852852,2822142346,2978966579,3764420437
dimwishlist:item=2287287549&perks=3798852852,2822142346,1546637391,113508675
dimwishlist:item=2287287549&perks=3798852852,2822142346,1546637391,3194351027
dimwishlist:item=2287287549&perks=3798852852,2822142346,1546637391,3078487919
dimwishlist:item=2287287549&perks=3798852852,2822142346,1546637391,3764420437
dimwishlist:item=2287287549&perks=3798852852,3796465595,1523832109,113508675
dimwishlist:item=2287287549&perks=3798852852,3796465595,1523832109,3194351027
dimwishlist:item=2287287549&perks=3798852852,3796465595,1523832109,3078487919
dimwishlist:item=2287287549&perks=3798852852,3796465595,1523832109,3764420437
dimwishlist:item=2287287549&perks=3798852852,3796465595,2978966579,113508675
dimwishlist:item=2287287549&perks=3798852852,3796465595,2978966579,3194351027
dimwishlist:item=2287287549&perks=3798852852,3796465595,2978966579,3078487919
dimwishlist:item=2287287549&perks=3798852852,3796465595,2978966579,3764420437
dimwishlist:item=2287287549&perks=3798852852,3796465595,1546637391,113508675
dimwishlist:item=2287287549&perks=3798852852,3796465595,1546637391,3194351027
dimwishlist:item=2287287549&perks=3798852852,3796465595,1546637391,3078487919
dimwishlist:item=2287287549&perks=3798852852,3796465595,1546637391,3764420437


// New Pacific Epitaph - 新太平洋碑文 (pve)
//notes: tags:pve
dimwishlist:item=2988180391&perks=1478423395,2822142346,1556840489,2922950962
dimwishlist:item=2988180391&perks=1478423395,2822142346,1556840489,3201496230
dimwishlist:item=2988180391&perks=1478423395,2822142346,1556840489,4019266109
dimwishlist:item=2988180391&perks=1478423395,2822142346,3523296417,2922950962
dimwishlist:item=2988180391&perks=1478423395,2822142346,3523296417,3201496230
dimwishlist:item=2988180391&perks=1478423395,2822142346,3523296417,4019266109
dimwishlist:item=2988180391&perks=1478423395,2822142346,1421772400,2922950962
dimwishlist:item=2988180391&perks=1478423395,2822142346,1421772400,3201496230
dimwishlist:item=2988180391&perks=1478423395,2822142346,1421772400,4019266109
dimwishlist:item=2988180391&perks=1478423395,2822142346,2396489472,2922950962
dimwishlist:item=2988180391&perks=1478423395,2822142346,2396489472,3201496230
dimwishlist:item=2988180391&perks=1478423395,2822142346,2396489472,4019266109
dimwishlist:item=2988180391&perks=1478423395,409831596,1556840489,2922950962
dimwishlist:item=2988180391&perks=1478423395,409831596,1556840489,3201496230
dimwishlist:item=2988180391&perks=1478423395,409831596,1556840489,4019266109
dimwishlist:item=2988180391&perks=1478423395,409831596,3523296417,2922950962
dimwishlist:item=2988180391&perks=1478423395,409831596,3523296417,3201496230
dimwishlist:item=2988180391&perks=1478423395,409831596,3523296417,4019266109
dimwishlist:item=2988180391&perks=1478423395,409831596,1421772400,2922950962
dimwishlist:item=2988180391&perks=1478423395,409831596,1421772400,3201496230
dimwishlist:item=2988180391&perks=1478423395,409831596,1421772400,4019266109
dimwishlist:item=2988180391&perks=1478423395,409831596,2396489472,2922950962
dimwishlist:item=2988180391&perks=1478423395,409831596,2396489472,3201496230
dimwishlist:item=2988180391&perks=1478423395,409831596,2396489472,4019266109
dimwishlist:item=2988180391&perks=1844523823,2822142346,1556840489,2922950962
dimwishlist:item=2988180391&perks=1844523823,2822142346,1556840489,3201496230
dimwishlist:item=2988180391&perks=1844523823,2822142346,1556840489,4019266109
dimwishlist:item=2988180391&perks=1844523823,2822142346,3523296417,2922950962
dimwishlist:item=2988180391&perks=1844523823,2822142346,3523296417,3201496230
dimwishlist:item=2988180391&perks=1844523823,2822142346,3523296417,4019266109
dimwishlist:item=2988180391&perks=1844523823,2822142346,1421772400,2922950962
dimwishlist:item=2988180391&perks=1844523823,2822142346,1421772400,3201496230
dimwishlist:item=2988180391&perks=1844523823,2822142346,1421772400,4019266109
dimwishlist:item=2988180391&perks=1844523823,2822142346,2396489472,2922950962
dimwishlist:item=2988180391&perks=1844523823,2822142346,2396489472,3201496230
dimwishlist:item=2988180391&perks=1844523823,2822142346,2396489472,4019266109
dimwishlist:item=2988180391&perks=1844523823,409831596,1556840489,2922950962
dimwishlist:item=2988180391&perks=1844523823,409831596,1556840489,3201496230
dimwishlist:item=2988180391&perks=1844523823,409831596,1556840489,4019266109
dimwishlist:item=2988180391&perks=1844523823,409831596,3523296417,2922950962
dimwishlist:item=2988180391&perks=1844523823,409831596,3523296417,3201496230
dimwishlist:item=2988180391&perks=1844523823,409831596,3523296417,4019266109
dimwishlist:item=2988180391&perks=1844523823,409831596,1421772400,2922950962
dimwishlist:item=2988180391&perks=1844523823,409831596,1421772400,3201496230
dimwishlist:item=2988180391&perks=1844523823,409831596,1421772400,4019266109
dimwishlist:item=2988180391&perks=1844523823,409831596,2396489472,2922950962
dimwishlist:item=2988180391&perks=1844523823,409831596,2396489472,3201496230
dimwishlist:item=2988180391&perks=1844523823,409831596,2396489472,4019266109
dimwishlist:item=2988180391&perks=1441682018,2822142346,1556840489,2922950962
dimwishlist:item=2988180391&perks=1441682018,2822142346,1556840489,3201496230
dimwishlist:item=2988180391&perks=1441682018,2822142346,1556840489,4019266109
dimwishlist:item=2988180391&perks=1441682018,2822142346,3523296417,2922950962
dimwishlist:item=2988180391&perks=1441682018,2822142346,3523296417,3201496230
dimwishlist:item=2988180391&perks=1441682018,2822142346,3523296417,4019266109
dimwishlist:item=2988180391&perks=1441682018,2822142346,1421772400,2922950962
dimwishlist:item=2988180391&perks=1441682018,2822142346,1421772400,3201496230
dimwishlist:item=2988180391&perks=1441682018,2822142346,1421772400,4019266109
dimwishlist:item=2988180391&perks=1441682018,2822142346,2396489472,2922950962
dimwishlist:item=2988180391&perks=1441682018,2822142346,2396489472,3201496230
dimwishlist:item=2988180391&perks=1441682018,2822142346,2396489472,4019266109
dimwishlist:item=2988180391&perks=1441682018,409831596,1556840489,2922950962
dimwishlist:item=2988180391&perks=1441682018,409831596,1556840489,3201496230
dimwishlist:item=2988180391&perks=1441682018,409831596,1556840489,4019266109
dimwishlist:item=2988180391&perks=1441682018,409831596,3523296417,2922950962
dimwishlist:item=2988180391&perks=1441682018,409831596,3523296417,3201496230
dimwishlist:item=2988180391&perks=1441682018,409831596,3523296417,4019266109
dimwishlist:item=2988180391&perks=1441682018,409831596,1421772400,2922950962
dimwishlist:item=2988180391&perks=1441682018,409831596,1421772400,3201496230
dimwishlist:item=2988180391&perks=1441682018,409831596,1421772400,4019266109
dimwishlist:item=2988180391&perks=1441682018,409831596,2396489472,2922950962
dimwishlist:item=2988180391&perks=1441682018,409831596,2396489472,3201496230
dimwishlist:item=2988180391&perks=1441682018,409831596,2396489472,4019266109
dimwishlist:item=2988180391&perks=3525010810,2822142346,1556840489,2922950962
dimwishlist:item=2988180391&perks=3525010810,2822142346,1556840489,3201496230
dimwishlist:item=2988180391&perks=3525010810,2822142346,1556840489,4019266109
dimwishlist:item=2988180391&perks=3525010810,2822142346,3523296417,2922950962
dimwishlist:item=2988180391&perks=3525010810,2822142346,3523296417,3201496230
dimwishlist:item=2988180391&perks=3525010810,2822142346,3523296417,4019266109
dimwishlist:item=2988180391&perks=3525010810,2822142346,1421772400,2922950962
dimwishlist:item=2988180391&perks=3525010810,2822142346,1421772400,3201496230
dimwishlist:item=2988180391&perks=3525010810,2822142346,1421772400,4019266109
dimwishlist:item=2988180391&perks=3525010810,2822142346,2396489472,2922950962
dimwishlist:item=2988180391&perks=3525010810,2822142346,2396489472,3201496230
dimwishlist:item=2988180391&perks=3525010810,2822142346,2396489472,4019266109
dimwishlist:item=2988180391&perks=3525010810,409831596,1556840489,2922950962
dimwishlist:item=2988180391&perks=3525010810,409831596,1556840489,3201496230
dimwishlist:item=2988180391&perks=3525010810,409831596,1556840489,4019266109
dimwishlist:item=2988180391&perks=3525010810,409831596,3523296417,2922950962
dimwishlist:item=2988180391&perks=3525010810,409831596,3523296417,3201496230
dimwishlist:item=2988180391&perks=3525010810,409831596,3523296417,4019266109
dimwishlist:item=2988180391&perks=3525010810,409831596,1421772400,2922950962
dimwishlist:item=2988180391&perks=3525010810,409831596,1421772400,3201496230
dimwishlist:item=2988180391&perks=3525010810,409831596,1421772400,4019266109
dimwishlist:item=2988180391&perks=3525010810,409831596,2396489472,2922950962
dimwishlist:item=2988180391&perks=3525010810,409831596,2396489472,3201496230
dimwishlist:item=2988180391&perks=3525010810,409831596,2396489472,4019266109
dimwishlist:item=2988180391&perks=3798852852,2822142346,1556840489,2922950962
dimwishlist:item=2988180391&perks=3798852852,2822142346,1556840489,3201496230
dimwishlist:item=2988180391&perks=3798852852,2822142346,1556840489,4019266109
dimwishlist:item=2988180391&perks=3798852852,2822142346,3523296417,2922950962
dimwishlist:item=2988180391&perks=3798852852,2822142346,3523296417,3201496230
dimwishlist:item=2988180391&perks=3798852852,2822142346,3523296417,4019266109
dimwishlist:item=2988180391&perks=3798852852,2822142346,1421772400,2922950962
dimwishlist:item=2988180391&perks=3798852852,2822142346,1421772400,3201496230
dimwishlist:item=2988180391&perks=3798852852,2822142346,1421772400,4019266109
dimwishlist:item=2988180391&perks=3798852852,2822142346,2396489472,2922950962
dimwishlist:item=2988180391&perks=3798852852,2822142346,2396489472,3201496230
dimwishlist:item=2988180391&perks=3798852852,2822142346,2396489472,4019266109
dimwishlist:item=2988180391&perks=3798852852,409831596,1556840489,2922950962
dimwishlist:item=2988180391&perks=3798852852,409831596,1556840489,3201496230
dimwishlist:item=2988180391&perks=3798852852,409831596,1556840489,4019266109
dimwishlist:item=2988180391&perks=3798852852,409831596,3523296417,2922950962
dimwishlist:item=2988180391&perks=3798852852,409831596,3523296417,3201496230
dimwishlist:item=2988180391&perks=3798852852,409831596,3523296417,4019266109
dimwishlist:item=2988180391&perks=3798852852,409831596,1421772400,2922950962
dimwishlist:item=2988180391&perks=3798852852,409831596,1421772400,3201496230
dimwishlist:item=2988180391&perks=3798852852,409831596,1421772400,4019266109
dimwishlist:item=2988180391&perks=3798852852,409831596,2396489472,2922950962
dimwishlist:item=2988180391&perks=3798852852,409831596,2396489472,3201496230
dimwishlist:item=2988180391&perks=3798852852,409831596,2396489472,4019266109


// No Survivors - 无人幸存 (pve)
//notes: tags:pve
dimwishlist:item=3625452995&perks=4090651448,3230963543,243981275,4293542123
dimwishlist:item=3625452995&perks=4090651448,3230963543,243981275,365154968
dimwishlist:item=3625452995&perks=4090651448,3230963543,3017780555,4293542123
dimwishlist:item=3625452995&perks=4090651448,3230963543,3017780555,365154968
dimwishlist:item=3625452995&perks=4090651448,3230963543,2890807135,4293542123
dimwishlist:item=3625452995&perks=4090651448,3230963543,2890807135,365154968
dimwishlist:item=3625452995&perks=4090651448,106909392,243981275,4293542123
dimwishlist:item=3625452995&perks=4090651448,106909392,243981275,365154968
dimwishlist:item=3625452995&perks=4090651448,106909392,3017780555,4293542123
dimwishlist:item=3625452995&perks=4090651448,106909392,3017780555,365154968
dimwishlist:item=3625452995&perks=4090651448,106909392,2890807135,4293542123
dimwishlist:item=3625452995&perks=4090651448,106909392,2890807135,365154968
dimwishlist:item=3625452995&perks=1840239774,3230963543,243981275,4293542123
dimwishlist:item=3625452995&perks=1840239774,3230963543,243981275,365154968
dimwishlist:item=3625452995&perks=1840239774,3230963543,3017780555,4293542123
dimwishlist:item=3625452995&perks=1840239774,3230963543,3017780555,365154968
dimwishlist:item=3625452995&perks=1840239774,3230963543,2890807135,4293542123
dimwishlist:item=3625452995&perks=1840239774,3230963543,2890807135,365154968
dimwishlist:item=3625452995&perks=1840239774,106909392,243981275,4293542123
dimwishlist:item=3625452995&perks=1840239774,106909392,243981275,365154968
dimwishlist:item=3625452995&perks=1840239774,106909392,3017780555,4293542123
dimwishlist:item=3625452995&perks=1840239774,106909392,3017780555,365154968
dimwishlist:item=3625452995&perks=1840239774,106909392,2890807135,4293542123
dimwishlist:item=3625452995&perks=1840239774,106909392,2890807135,365154968
dimwishlist:item=3625452995&perks=1392496348,3230963543,243981275,4293542123
dimwishlist:item=3625452995&perks=1392496348,3230963543,243981275,365154968
dimwishlist:item=3625452995&perks=1392496348,3230963543,3017780555,4293542123
dimwishlist:item=3625452995&perks=1392496348,3230963543,3017780555,365154968
dimwishlist:item=3625452995&perks=1392496348,3230963543,2890807135,4293542123
dimwishlist:item=3625452995&perks=1392496348,3230963543,2890807135,365154968
dimwishlist:item=3625452995&perks=1392496348,106909392,243981275,4293542123
dimwishlist:item=3625452995&perks=1392496348,106909392,243981275,365154968
dimwishlist:item=3625452995&perks=1392496348,106909392,3017780555,4293542123
dimwishlist:item=3625452995&perks=1392496348,106909392,3017780555,365154968
dimwishlist:item=3625452995&perks=1392496348,106909392,2890807135,4293542123
dimwishlist:item=3625452995&perks=1392496348,106909392,2890807135,365154968
dimwishlist:item=3625452995&perks=1482024992,3230963543,243981275,4293542123
dimwishlist:item=3625452995&perks=1482024992,3230963543,243981275,365154968
dimwishlist:item=3625452995&perks=1482024992,3230963543,3017780555,4293542123
dimwishlist:item=3625452995&perks=1482024992,3230963543,3017780555,365154968
dimwishlist:item=3625452995&perks=1482024992,3230963543,2890807135,4293542123
dimwishlist:item=3625452995&perks=1482024992,3230963543,2890807135,365154968
dimwishlist:item=3625452995&perks=1482024992,106909392,243981275,4293542123
dimwishlist:item=3625452995&perks=1482024992,106909392,243981275,365154968
dimwishlist:item=3625452995&perks=1482024992,106909392,3017780555,4293542123
dimwishlist:item=3625452995&perks=1482024992,106909392,3017780555,365154968
dimwishlist:item=3625452995&perks=1482024992,106909392,2890807135,4293542123
dimwishlist:item=3625452995&perks=1482024992,106909392,2890807135,365154968


// Greasy Luck - 滑溜运气 (pve)
//notes: tags:pve
dimwishlist:item=4274165888&perks=3640170453,1782407750
dimwishlist:item=4274165888&perks=3640170453,4293542123
dimwishlist:item=4274165888&perks=3640170453,2396489472
dimwishlist:item=4274165888&perks=1523832109,1782407750
dimwishlist:item=4274165888&perks=1523832109,4293542123
dimwishlist:item=4274165888&perks=1523832109,2396489472
dimwishlist:item=4274165888&perks=3017780555,1782407750
dimwishlist:item=4274165888&perks=3017780555,4293542123
dimwishlist:item=4274165888&perks=3017780555,2396489472


