title:地牢-贪婪之握
description:凯旋纪念

// Eyasluna - 鹰月 (god-pvp)
//notes: PVP面板怪物，顶级手感，pvp必刷。起源特性自带一个小首发，面板和手感都很好，几乎可以拉到满面板，注意面板快满时的perk分配。四号位移动目标+AA，精准工具在带减伤的情况下保障3tap，墓碑33用 tags:god-pvp
dimwishlist:item=386864872&perks=839105230,1968497646,2387244414,588594999
dimwishlist:item=386864872&perks=839105230,1968497646,2387244414,124408337
dimwishlist:item=386864872&perks=839105230,1968497646,2387244414,555281244
dimwishlist:item=386864872&perks=839105230,1968497646,3511092054,588594999
dimwishlist:item=386864872&perks=839105230,1968497646,3511092054,124408337
dimwishlist:item=386864872&perks=839105230,1968497646,3511092054,555281244
dimwishlist:item=386864872&perks=839105230,1968497646,2846385770,588594999
dimwishlist:item=386864872&perks=839105230,1968497646,2846385770,124408337
dimwishlist:item=386864872&perks=839105230,1968497646,2846385770,555281244
dimwishlist:item=386864872&perks=839105230,1968497646,3161816588,588594999
dimwishlist:item=386864872&perks=839105230,1968497646,3161816588,124408337
dimwishlist:item=386864872&perks=839105230,1968497646,3161816588,555281244
dimwishlist:item=386864872&perks=839105230,1885400500,2387244414,588594999
dimwishlist:item=386864872&perks=839105230,1885400500,2387244414,124408337
dimwishlist:item=386864872&perks=839105230,1885400500,2387244414,555281244
dimwishlist:item=386864872&perks=839105230,1885400500,3511092054,588594999
dimwishlist:item=386864872&perks=839105230,1885400500,3511092054,124408337
dimwishlist:item=386864872&perks=839105230,1885400500,3511092054,555281244
dimwishlist:item=386864872&perks=839105230,1885400500,2846385770,588594999
dimwishlist:item=386864872&perks=839105230,1885400500,2846385770,124408337
dimwishlist:item=386864872&perks=839105230,1885400500,2846385770,555281244
dimwishlist:item=386864872&perks=839105230,1885400500,3161816588,588594999
dimwishlist:item=386864872&perks=839105230,1885400500,3161816588,124408337
dimwishlist:item=386864872&perks=839105230,1885400500,3161816588,555281244
dimwishlist:item=386864872&perks=839105230,3142289711,2387244414,588594999
dimwishlist:item=386864872&perks=839105230,3142289711,2387244414,124408337
dimwishlist:item=386864872&perks=839105230,3142289711,2387244414,555281244
dimwishlist:item=386864872&perks=839105230,3142289711,3511092054,588594999
dimwishlist:item=386864872&perks=839105230,3142289711,3511092054,124408337
dimwishlist:item=386864872&perks=839105230,3142289711,3511092054,555281244
dimwishlist:item=386864872&perks=839105230,3142289711,2846385770,588594999
dimwishlist:item=386864872&perks=839105230,3142289711,2846385770,124408337
dimwishlist:item=386864872&perks=839105230,3142289711,2846385770,555281244
dimwishlist:item=386864872&perks=839105230,3142289711,3161816588,588594999
dimwishlist:item=386864872&perks=839105230,3142289711,3161816588,124408337
dimwishlist:item=386864872&perks=839105230,3142289711,3161816588,555281244
dimwishlist:item=386864872&perks=839105230,106909392,2387244414,588594999
dimwishlist:item=386864872&perks=839105230,106909392,2387244414,124408337
dimwishlist:item=386864872&perks=839105230,106909392,2387244414,555281244
dimwishlist:item=386864872&perks=839105230,106909392,3511092054,588594999
dimwishlist:item=386864872&perks=839105230,106909392,3511092054,124408337
dimwishlist:item=386864872&perks=839105230,106909392,3511092054,555281244
dimwishlist:item=386864872&perks=839105230,106909392,2846385770,588594999
dimwishlist:item=386864872&perks=839105230,106909392,2846385770,124408337
dimwishlist:item=386864872&perks=839105230,106909392,2846385770,555281244
dimwishlist:item=386864872&perks=839105230,106909392,3161816588,588594999
dimwishlist:item=386864872&perks=839105230,106909392,3161816588,124408337
dimwishlist:item=386864872&perks=839105230,106909392,3161816588,555281244
dimwishlist:item=386864872&perks=839105230,1561002382,2387244414,588594999
dimwishlist:item=386864872&perks=839105230,1561002382,2387244414,124408337
dimwishlist:item=386864872&perks=839105230,1561002382,2387244414,555281244
dimwishlist:item=386864872&perks=839105230,1561002382,3511092054,588594999
dimwishlist:item=386864872&perks=839105230,1561002382,3511092054,124408337
dimwishlist:item=386864872&perks=839105230,1561002382,3511092054,555281244
dimwishlist:item=386864872&perks=839105230,1561002382,2846385770,588594999
dimwishlist:item=386864872&perks=839105230,1561002382,2846385770,124408337
dimwishlist:item=386864872&perks=839105230,1561002382,2846385770,555281244
dimwishlist:item=386864872&perks=839105230,1561002382,3161816588,588594999
dimwishlist:item=386864872&perks=839105230,1561002382,3161816588,124408337
dimwishlist:item=386864872&perks=839105230,1561002382,3161816588,555281244
dimwishlist:item=386864872&perks=1840239774,1968497646,2387244414,588594999
dimwishlist:item=386864872&perks=1840239774,1968497646,2387244414,124408337
dimwishlist:item=386864872&perks=1840239774,1968497646,2387244414,555281244
dimwishlist:item=386864872&perks=1840239774,1968497646,3511092054,588594999
dimwishlist:item=386864872&perks=1840239774,1968497646,3511092054,124408337
dimwishlist:item=386864872&perks=1840239774,1968497646,3511092054,555281244
dimwishlist:item=386864872&perks=1840239774,1968497646,2846385770,588594999
dimwishlist:item=386864872&perks=1840239774,1968497646,2846385770,124408337
dimwishlist:item=386864872&perks=1840239774,1968497646,2846385770,555281244
dimwishlist:item=386864872&perks=1840239774,1968497646,3161816588,588594999
dimwishlist:item=386864872&perks=1840239774,1968497646,3161816588,124408337
dimwishlist:item=386864872&perks=1840239774,1968497646,3161816588,555281244
dimwishlist:item=386864872&perks=1840239774,1885400500,2387244414,588594999
dimwishlist:item=386864872&perks=1840239774,1885400500,2387244414,124408337
dimwishlist:item=386864872&perks=1840239774,1885400500,2387244414,555281244
dimwishlist:item=386864872&perks=1840239774,1885400500,3511092054,588594999
dimwishlist:item=386864872&perks=1840239774,1885400500,3511092054,124408337
dimwishlist:item=386864872&perks=1840239774,1885400500,3511092054,555281244
dimwishlist:item=386864872&perks=1840239774,1885400500,2846385770,588594999
dimwishlist:item=386864872&perks=1840239774,1885400500,2846385770,124408337
dimwishlist:item=386864872&perks=1840239774,1885400500,2846385770,555281244
dimwishlist:item=386864872&perks=1840239774,1885400500,3161816588,588594999
dimwishlist:item=386864872&perks=1840239774,1885400500,3161816588,124408337
dimwishlist:item=386864872&perks=1840239774,1885400500,3161816588,555281244
dimwishlist:item=386864872&perks=1840239774,3142289711,2387244414,588594999
dimwishlist:item=386864872&perks=1840239774,3142289711,2387244414,124408337
dimwishlist:item=386864872&perks=1840239774,3142289711,2387244414,555281244
dimwishlist:item=386864872&perks=1840239774,3142289711,3511092054,588594999
dimwishlist:item=386864872&perks=1840239774,3142289711,3511092054,124408337
dimwishlist:item=386864872&perks=1840239774,3142289711,3511092054,555281244
dimwishlist:item=386864872&perks=1840239774,3142289711,2846385770,588594999
dimwishlist:item=386864872&perks=1840239774,3142289711,2846385770,124408337
dimwishlist:item=386864872&perks=1840239774,3142289711,2846385770,555281244
dimwishlist:item=386864872&perks=1840239774,3142289711,3161816588,588594999
dimwishlist:item=386864872&perks=1840239774,3142289711,3161816588,124408337
dimwishlist:item=386864872&perks=1840239774,3142289711,3161816588,555281244
dimwishlist:item=386864872&perks=1840239774,106909392,2387244414,588594999
dimwishlist:item=386864872&perks=1840239774,106909392,2387244414,124408337
dimwishlist:item=386864872&perks=1840239774,106909392,2387244414,555281244
dimwishlist:item=386864872&perks=1840239774,106909392,3511092054,588594999
dimwishlist:item=386864872&perks=1840239774,106909392,3511092054,124408337
dimwishlist:item=386864872&perks=1840239774,106909392,3511092054,555281244
dimwishlist:item=386864872&perks=1840239774,106909392,2846385770,588594999
dimwishlist:item=386864872&perks=1840239774,106909392,2846385770,124408337
dimwishlist:item=386864872&perks=1840239774,106909392,2846385770,555281244
dimwishlist:item=386864872&perks=1840239774,106909392,3161816588,588594999
dimwishlist:item=386864872&perks=1840239774,106909392,3161816588,124408337
dimwishlist:item=386864872&perks=1840239774,106909392,3161816588,555281244
dimwishlist:item=386864872&perks=1840239774,1561002382,2387244414,588594999
dimwishlist:item=386864872&perks=1840239774,1561002382,2387244414,124408337
dimwishlist:item=386864872&perks=1840239774,1561002382,2387244414,555281244
dimwishlist:item=386864872&perks=1840239774,1561002382,3511092054,588594999
dimwishlist:item=386864872&perks=1840239774,1561002382,3511092054,124408337
dimwishlist:item=386864872&perks=1840239774,1561002382,3511092054,555281244
dimwishlist:item=386864872&perks=1840239774,1561002382,2846385770,588594999
dimwishlist:item=386864872&perks=1840239774,1561002382,2846385770,124408337
dimwishlist:item=386864872&perks=1840239774,1561002382,2846385770,555281244
dimwishlist:item=386864872&perks=1840239774,1561002382,3161816588,588594999
dimwishlist:item=386864872&perks=1840239774,1561002382,3161816588,124408337
dimwishlist:item=386864872&perks=1840239774,1561002382,3161816588,555281244
dimwishlist:item=386864872&perks=3250034553,1968497646,2387244414,588594999
dimwishlist:item=386864872&perks=3250034553,1968497646,2387244414,124408337
dimwishlist:item=386864872&perks=3250034553,1968497646,2387244414,555281244
dimwishlist:item=386864872&perks=3250034553,1968497646,3511092054,588594999
dimwishlist:item=386864872&perks=3250034553,1968497646,3511092054,124408337
dimwishlist:item=386864872&perks=3250034553,1968497646,3511092054,555281244
dimwishlist:item=386864872&perks=3250034553,1968497646,2846385770,588594999
dimwishlist:item=386864872&perks=3250034553,1968497646,2846385770,124408337
dimwishlist:item=386864872&perks=3250034553,1968497646,2846385770,555281244
dimwishlist:item=386864872&perks=3250034553,1968497646,3161816588,588594999
dimwishlist:item=386864872&perks=3250034553,1968497646,3161816588,124408337
dimwishlist:item=386864872&perks=3250034553,1968497646,3161816588,555281244
dimwishlist:item=386864872&perks=3250034553,1885400500,2387244414,588594999
dimwishlist:item=386864872&perks=3250034553,1885400500,2387244414,124408337
dimwishlist:item=386864872&perks=3250034553,1885400500,2387244414,555281244
dimwishlist:item=386864872&perks=3250034553,1885400500,3511092054,588594999
dimwishlist:item=386864872&perks=3250034553,1885400500,3511092054,124408337
dimwishlist:item=386864872&perks=3250034553,1885400500,3511092054,555281244
dimwishlist:item=386864872&perks=3250034553,1885400500,2846385770,588594999
dimwishlist:item=386864872&perks=3250034553,1885400500,2846385770,124408337
dimwishlist:item=386864872&perks=3250034553,1885400500,2846385770,555281244
dimwishlist:item=386864872&perks=3250034553,1885400500,3161816588,588594999
dimwishlist:item=386864872&perks=3250034553,1885400500,3161816588,124408337
dimwishlist:item=386864872&perks=3250034553,1885400500,3161816588,555281244
dimwishlist:item=386864872&perks=3250034553,3142289711,2387244414,588594999
dimwishlist:item=386864872&perks=3250034553,3142289711,2387244414,124408337
dimwishlist:item=386864872&perks=3250034553,3142289711,2387244414,555281244
dimwishlist:item=386864872&perks=3250034553,3142289711,3511092054,588594999
dimwishlist:item=386864872&perks=3250034553,3142289711,3511092054,124408337
dimwishlist:item=386864872&perks=3250034553,3142289711,3511092054,555281244
dimwishlist:item=386864872&perks=3250034553,3142289711,2846385770,588594999
dimwishlist:item=386864872&perks=3250034553,3142289711,2846385770,124408337
dimwishlist:item=386864872&perks=3250034553,3142289711,2846385770,555281244
dimwishlist:item=386864872&perks=3250034553,3142289711,3161816588,588594999
dimwishlist:item=386864872&perks=3250034553,3142289711,3161816588,124408337
dimwishlist:item=386864872&perks=3250034553,3142289711,3161816588,555281244
dimwishlist:item=386864872&perks=3250034553,106909392,2387244414,588594999
dimwishlist:item=386864872&perks=3250034553,106909392,2387244414,124408337
dimwishlist:item=386864872&perks=3250034553,106909392,2387244414,555281244
dimwishlist:item=386864872&perks=3250034553,106909392,3511092054,588594999
dimwishlist:item=386864872&perks=3250034553,106909392,3511092054,124408337
dimwishlist:item=386864872&perks=3250034553,106909392,3511092054,555281244
dimwishlist:item=386864872&perks=3250034553,106909392,2846385770,588594999
dimwishlist:item=386864872&perks=3250034553,106909392,2846385770,124408337
dimwishlist:item=386864872&perks=3250034553,106909392,2846385770,555281244
dimwishlist:item=386864872&perks=3250034553,106909392,3161816588,588594999
dimwishlist:item=386864872&perks=3250034553,106909392,3161816588,124408337
dimwishlist:item=386864872&perks=3250034553,106909392,3161816588,555281244
dimwishlist:item=386864872&perks=3250034553,1561002382,2387244414,588594999
dimwishlist:item=386864872&perks=3250034553,1561002382,2387244414,124408337
dimwishlist:item=386864872&perks=3250034553,1561002382,2387244414,555281244
dimwishlist:item=386864872&perks=3250034553,1561002382,3511092054,588594999
dimwishlist:item=386864872&perks=3250034553,1561002382,3511092054,124408337
dimwishlist:item=386864872&perks=3250034553,1561002382,3511092054,555281244
dimwishlist:item=386864872&perks=3250034553,1561002382,2846385770,588594999
dimwishlist:item=386864872&perks=3250034553,1561002382,2846385770,124408337
dimwishlist:item=386864872&perks=3250034553,1561002382,2846385770,555281244
dimwishlist:item=386864872&perks=3250034553,1561002382,3161816588,588594999
dimwishlist:item=386864872&perks=3250034553,1561002382,3161816588,124408337
dimwishlist:item=386864872&perks=3250034553,1561002382,3161816588,555281244


// Hero of Ages - 永世英雄 (pve)
//notes: 涡流改攻击，输出上为常规刀剑输出用perk，一般无情+旋风即可，日常可以反击+震颤给据点用，同时起源特性带一个小急切 tags:pve
dimwishlist:item=944708986&perks=1749209109,3913600130
dimwishlist:item=944708986&perks=1749209109,1089671869
dimwishlist:item=944708986&perks=1749209109,3966416502
dimwishlist:item=944708986&perks=2244851822,3913600130
dimwishlist:item=944708986&perks=2244851822,1089671869
dimwishlist:item=944708986&perks=2244851822,3966416502


// Matador 64 - 斗牛士64 (god-pvp)
//notes: PVP顶级喷。 tags:god-pvp
dimwishlist:item=1518956169&perks=1332244541,791862061,4071163871,47981717
dimwishlist:item=1518956169&perks=1332244541,791862061,4071163871,1194056669
dimwishlist:item=1518956169&perks=1482024992,791862061,4071163871,47981717
dimwishlist:item=1518956169&perks=1482024992,791862061,4071163871,1194056669
dimwishlist:item=1518956169&perks=1300023272,791862061,4071163871,47981717
dimwishlist:item=1518956169&perks=1300023272,791862061,4071163871,1194056669
dimwishlist:item=1518956169&perks=4090651448,791862061,4071163871,47981717
dimwishlist:item=1518956169&perks=4090651448,791862061,4071163871,1194056669
dimwishlist:item=1518956169&perks=1047830412,791862061,4071163871,47981717
dimwishlist:item=1518956169&perks=1047830412,791862061,4071163871,1194056669


// 1000 Yard Stare - 千码凝视 (pve)
//notes: tags:pve
dimwishlist:item=1648948519&perks=839105230,1087426260,1546637391,3201496230
dimwishlist:item=1648948519&perks=839105230,106909392,1546637391,3201496230
dimwishlist:item=1648948519&perks=839105230,3230963543,1546637391,3201496230
dimwishlist:item=1648948519&perks=1840239774,1087426260,1546637391,3201496230
dimwishlist:item=1648948519&perks=1840239774,106909392,1546637391,3201496230
dimwishlist:item=1648948519&perks=1840239774,3230963543,1546637391,3201496230
dimwishlist:item=1648948519&perks=4090651448,1087426260,1546637391,3201496230
dimwishlist:item=1648948519&perks=4090651448,106909392,1546637391,3201496230
dimwishlist:item=1648948519&perks=4090651448,3230963543,1546637391,3201496230


// 1000 Yard Stare - 千码凝视 (pvp)
//notes: tags:pvp
dimwishlist:item=1648948519&perks=1840239774,3142289711,2579169598,957782887
dimwishlist:item=1648948519&perks=1840239774,3142289711,2579169598,1194056669
dimwishlist:item=1648948519&perks=1840239774,106909392,2579169598,957782887
dimwishlist:item=1648948519&perks=1840239774,106909392,2579169598,1194056669
dimwishlist:item=1648948519&perks=839105230,3142289711,2579169598,957782887
dimwishlist:item=1648948519&perks=839105230,3142289711,2579169598,1194056669
dimwishlist:item=1648948519&perks=839105230,106909392,2579169598,957782887
dimwishlist:item=1648948519&perks=839105230,106909392,2579169598,1194056669
dimwishlist:item=1648948519&perks=4090651448,3142289711,2579169598,957782887
dimwishlist:item=1648948519&perks=4090651448,3142289711,2579169598,1194056669
dimwishlist:item=1648948519&perks=4090651448,106909392,2579169598,957782887
dimwishlist:item=1648948519&perks=4090651448,106909392,2579169598,1194056669
dimwishlist:item=1648948519&perks=1392496348,3142289711,2579169598,957782887
dimwishlist:item=1648948519&perks=1392496348,3142289711,2579169598,1194056669
dimwishlist:item=1648948519&perks=1392496348,106909392,2579169598,957782887
dimwishlist:item=1648948519&perks=1392496348,106909392,2579169598,1194056669
dimwishlist:item=1648948519&perks=1482024992,3142289711,2579169598,957782887
dimwishlist:item=1648948519&perks=1482024992,3142289711,2579169598,1194056669
dimwishlist:item=1648948519&perks=1482024992,106909392,2579169598,957782887
dimwishlist:item=1648948519&perks=1482024992,106909392,2579169598,1194056669


