title:地牢-晚星之主

// VS Velocity Baton - VS速度指挥 (pve)
//notes: 传统丢丢猎必备。除了丢丢猎常用的产球组合以外，还更新了诱导和元素磨砺两个输出用的perk，建议在T5的四号位额外储备这俩输出perk。 tags:pve
dimwishlist:item=2452936816&perks=1478423395,2822142346,3523296417,243981275
dimwishlist:item=2452936816&perks=1478423395,2822142346,3523296417,3078487919
dimwishlist:item=2452936816&perks=1478423395,2822142346,3523296417,1089671869
dimwishlist:item=2452936816&perks=1478423395,2822142346,1523832109,243981275
dimwishlist:item=2452936816&perks=1478423395,2822142346,1523832109,3078487919
dimwishlist:item=2452936816&perks=1478423395,2822142346,1523832109,1089671869
dimwishlist:item=2452936816&perks=1478423395,2822142346,3987942396,243981275
dimwishlist:item=2452936816&perks=1478423395,2822142346,3987942396,3078487919
dimwishlist:item=2452936816&perks=1478423395,2822142346,3987942396,1089671869
dimwishlist:item=2452936816&perks=1478423395,409831596,3523296417,243981275
dimwishlist:item=2452936816&perks=1478423395,409831596,3523296417,3078487919
dimwishlist:item=2452936816&perks=1478423395,409831596,3523296417,1089671869
dimwishlist:item=2452936816&perks=1478423395,409831596,1523832109,243981275
dimwishlist:item=2452936816&perks=1478423395,409831596,1523832109,3078487919
dimwishlist:item=2452936816&perks=1478423395,409831596,1523832109,1089671869
dimwishlist:item=2452936816&perks=1478423395,409831596,3987942396,243981275
dimwishlist:item=2452936816&perks=1478423395,409831596,3987942396,3078487919
dimwishlist:item=2452936816&perks=1478423395,409831596,3987942396,1089671869
dimwishlist:item=2452936816&perks=981914802,2822142346,3523296417,243981275
dimwishlist:item=2452936816&perks=981914802,2822142346,3523296417,3078487919
dimwishlist:item=2452936816&perks=981914802,2822142346,3523296417,1089671869
dimwishlist:item=2452936816&perks=981914802,2822142346,1523832109,243981275
dimwishlist:item=2452936816&perks=981914802,2822142346,1523832109,3078487919
dimwishlist:item=2452936816&perks=981914802,2822142346,1523832109,1089671869
dimwishlist:item=2452936816&perks=981914802,2822142346,3987942396,243981275
dimwishlist:item=2452936816&perks=981914802,2822142346,3987942396,3078487919
dimwishlist:item=2452936816&perks=981914802,2822142346,3987942396,1089671869
dimwishlist:item=2452936816&perks=981914802,409831596,3523296417,243981275
dimwishlist:item=2452936816&perks=981914802,409831596,3523296417,3078487919
dimwishlist:item=2452936816&perks=981914802,409831596,3523296417,1089671869
dimwishlist:item=2452936816&perks=981914802,409831596,1523832109,243981275
dimwishlist:item=2452936816&perks=981914802,409831596,1523832109,3078487919
dimwishlist:item=2452936816&perks=981914802,409831596,1523832109,1089671869
dimwishlist:item=2452936816&perks=981914802,409831596,3987942396,243981275
dimwishlist:item=2452936816&perks=981914802,409831596,3987942396,3078487919
dimwishlist:item=2452936816&perks=981914802,409831596,3987942396,1089671869
dimwishlist:item=2452936816&perks=1441682018,2822142346,3523296417,243981275
dimwishlist:item=2452936816&perks=1441682018,2822142346,3523296417,3078487919
dimwishlist:item=2452936816&perks=1441682018,2822142346,3523296417,1089671869
dimwishlist:item=2452936816&perks=1441682018,2822142346,1523832109,243981275
dimwishlist:item=2452936816&perks=1441682018,2822142346,1523832109,3078487919
dimwishlist:item=2452936816&perks=1441682018,2822142346,1523832109,1089671869
dimwishlist:item=2452936816&perks=1441682018,2822142346,3987942396,243981275
dimwishlist:item=2452936816&perks=1441682018,2822142346,3987942396,3078487919
dimwishlist:item=2452936816&perks=1441682018,2822142346,3987942396,1089671869
dimwishlist:item=2452936816&perks=1441682018,409831596,3523296417,243981275
dimwishlist:item=2452936816&perks=1441682018,409831596,3523296417,3078487919
dimwishlist:item=2452936816&perks=1441682018,409831596,3523296417,1089671869
dimwishlist:item=2452936816&perks=1441682018,409831596,1523832109,243981275
dimwishlist:item=2452936816&perks=1441682018,409831596,1523832109,3078487919
dimwishlist:item=2452936816&perks=1441682018,409831596,1523832109,1089671869
dimwishlist:item=2452936816&perks=1441682018,409831596,3987942396,243981275
dimwishlist:item=2452936816&perks=1441682018,409831596,3987942396,3078487919
dimwishlist:item=2452936816&perks=1441682018,409831596,3987942396,1089671869
dimwishlist:item=2452936816&perks=3525010810,2822142346,3523296417,243981275
dimwishlist:item=2452936816&perks=3525010810,2822142346,3523296417,3078487919
dimwishlist:item=2452936816&perks=3525010810,2822142346,3523296417,1089671869
dimwishlist:item=2452936816&perks=3525010810,2822142346,1523832109,243981275
dimwishlist:item=2452936816&perks=3525010810,2822142346,1523832109,3078487919
dimwishlist:item=2452936816&perks=3525010810,2822142346,1523832109,1089671869
dimwishlist:item=2452936816&perks=3525010810,2822142346,3987942396,243981275
dimwishlist:item=2452936816&perks=3525010810,2822142346,3987942396,3078487919
dimwishlist:item=2452936816&perks=3525010810,2822142346,3987942396,1089671869
dimwishlist:item=2452936816&perks=3525010810,409831596,3523296417,243981275
dimwishlist:item=2452936816&perks=3525010810,409831596,3523296417,3078487919
dimwishlist:item=2452936816&perks=3525010810,409831596,3523296417,1089671869
dimwishlist:item=2452936816&perks=3525010810,409831596,1523832109,243981275
dimwishlist:item=2452936816&perks=3525010810,409831596,1523832109,3078487919
dimwishlist:item=2452936816&perks=3525010810,409831596,1523832109,1089671869
dimwishlist:item=2452936816&perks=3525010810,409831596,3987942396,243981275
dimwishlist:item=2452936816&perks=3525010810,409831596,3987942396,3078487919
dimwishlist:item=2452936816&perks=3525010810,409831596,3987942396,1089671869
dimwishlist:item=2452936816&perks=3798852852,2822142346,3523296417,243981275
dimwishlist:item=2452936816&perks=3798852852,2822142346,3523296417,3078487919
dimwishlist:item=2452936816&perks=3798852852,2822142346,3523296417,1089671869
dimwishlist:item=2452936816&perks=3798852852,2822142346,1523832109,243981275
dimwishlist:item=2452936816&perks=3798852852,2822142346,1523832109,3078487919
dimwishlist:item=2452936816&perks=3798852852,2822142346,1523832109,1089671869
dimwishlist:item=2452936816&perks=3798852852,2822142346,3987942396,243981275
dimwishlist:item=2452936816&perks=3798852852,2822142346,3987942396,3078487919
dimwishlist:item=2452936816&perks=3798852852,2822142346,3987942396,1089671869
dimwishlist:item=2452936816&perks=3798852852,409831596,3523296417,243981275
dimwishlist:item=2452936816&perks=3798852852,409831596,3523296417,3078487919
dimwishlist:item=2452936816&perks=3798852852,409831596,3523296417,1089671869
dimwishlist:item=2452936816&perks=3798852852,409831596,1523832109,243981275
dimwishlist:item=2452936816&perks=3798852852,409831596,1523832109,3078487919
dimwishlist:item=2452936816&perks=3798852852,409831596,1523832109,1089671869
dimwishlist:item=2452936816&perks=3798852852,409831596,3987942396,243981275
dimwishlist:item=2452936816&perks=3798852852,409831596,3987942396,3078487919
dimwishlist:item=2452936816&perks=3798852852,409831596,3987942396,1089671869


// VS Chill Inhibitor - VS寒冷抑制 (pve)
//notes: 顶级冰榴弹（虽然一共也没几把），必刷。 tags:pve
dimwishlist:item=2452936817&perks=1478423395,3301904089,3987942396,3764420437
dimwishlist:item=2452936817&perks=1478423395,3301904089,3987942396,1089671869
dimwishlist:item=2452936817&perks=1478423395,3301904089,3987942396,3078487919
dimwishlist:item=2452936817&perks=1478423395,3301904089,3751912585,3764420437
dimwishlist:item=2452936817&perks=1478423395,3301904089,3751912585,1089671869
dimwishlist:item=2452936817&perks=1478423395,3301904089,3751912585,3078487919
dimwishlist:item=2452936817&perks=1478423395,409831596,3987942396,3764420437
dimwishlist:item=2452936817&perks=1478423395,409831596,3987942396,1089671869
dimwishlist:item=2452936817&perks=1478423395,409831596,3987942396,3078487919
dimwishlist:item=2452936817&perks=1478423395,409831596,3751912585,3764420437
dimwishlist:item=2452936817&perks=1478423395,409831596,3751912585,1089671869
dimwishlist:item=2452936817&perks=1478423395,409831596,3751912585,3078487919
dimwishlist:item=2452936817&perks=1478423395,2985827016,3987942396,3764420437
dimwishlist:item=2452936817&perks=1478423395,2985827016,3987942396,1089671869
dimwishlist:item=2452936817&perks=1478423395,2985827016,3987942396,3078487919
dimwishlist:item=2452936817&perks=1478423395,2985827016,3751912585,3764420437
dimwishlist:item=2452936817&perks=1478423395,2985827016,3751912585,1089671869
dimwishlist:item=2452936817&perks=1478423395,2985827016,3751912585,3078487919
dimwishlist:item=2452936817&perks=1478423395,2822142346,3987942396,3764420437
dimwishlist:item=2452936817&perks=1478423395,2822142346,3987942396,1089671869
dimwishlist:item=2452936817&perks=1478423395,2822142346,3987942396,3078487919
dimwishlist:item=2452936817&perks=1478423395,2822142346,3751912585,3764420437
dimwishlist:item=2452936817&perks=1478423395,2822142346,3751912585,1089671869
dimwishlist:item=2452936817&perks=1478423395,2822142346,3751912585,3078487919
dimwishlist:item=2452936817&perks=1844523823,3301904089,3987942396,3764420437
dimwishlist:item=2452936817&perks=1844523823,3301904089,3987942396,1089671869
dimwishlist:item=2452936817&perks=1844523823,3301904089,3987942396,3078487919
dimwishlist:item=2452936817&perks=1844523823,3301904089,3751912585,3764420437
dimwishlist:item=2452936817&perks=1844523823,3301904089,3751912585,1089671869
dimwishlist:item=2452936817&perks=1844523823,3301904089,3751912585,3078487919
dimwishlist:item=2452936817&perks=1844523823,409831596,3987942396,3764420437
dimwishlist:item=2452936817&perks=1844523823,409831596,3987942396,1089671869
dimwishlist:item=2452936817&perks=1844523823,409831596,3987942396,3078487919
dimwishlist:item=2452936817&perks=1844523823,409831596,3751912585,3764420437
dimwishlist:item=2452936817&perks=1844523823,409831596,3751912585,1089671869
dimwishlist:item=2452936817&perks=1844523823,409831596,3751912585,3078487919
dimwishlist:item=2452936817&perks=1844523823,2985827016,3987942396,3764420437
dimwishlist:item=2452936817&perks=1844523823,2985827016,3987942396,1089671869
dimwishlist:item=2452936817&perks=1844523823,2985827016,3987942396,3078487919
dimwishlist:item=2452936817&perks=1844523823,2985827016,3751912585,3764420437
dimwishlist:item=2452936817&perks=1844523823,2985827016,3751912585,1089671869
dimwishlist:item=2452936817&perks=1844523823,2985827016,3751912585,3078487919
dimwishlist:item=2452936817&perks=1844523823,2822142346,3987942396,3764420437
dimwishlist:item=2452936817&perks=1844523823,2822142346,3987942396,1089671869
dimwishlist:item=2452936817&perks=1844523823,2822142346,3987942396,3078487919
dimwishlist:item=2452936817&perks=1844523823,2822142346,3751912585,3764420437
dimwishlist:item=2452936817&perks=1844523823,2822142346,3751912585,1089671869
dimwishlist:item=2452936817&perks=1844523823,2822142346,3751912585,3078487919
dimwishlist:item=2452936817&perks=1441682018,3301904089,3987942396,3764420437
dimwishlist:item=2452936817&perks=1441682018,3301904089,3987942396,1089671869
dimwishlist:item=2452936817&perks=1441682018,3301904089,3987942396,3078487919
dimwishlist:item=2452936817&perks=1441682018,3301904089,3751912585,3764420437
dimwishlist:item=2452936817&perks=1441682018,3301904089,3751912585,1089671869
dimwishlist:item=2452936817&perks=1441682018,3301904089,3751912585,3078487919
dimwishlist:item=2452936817&perks=1441682018,409831596,3987942396,3764420437
dimwishlist:item=2452936817&perks=1441682018,409831596,3987942396,1089671869
dimwishlist:item=2452936817&perks=1441682018,409831596,3987942396,3078487919
dimwishlist:item=2452936817&perks=1441682018,409831596,3751912585,3764420437
dimwishlist:item=2452936817&perks=1441682018,409831596,3751912585,1089671869
dimwishlist:item=2452936817&perks=1441682018,409831596,3751912585,3078487919
dimwishlist:item=2452936817&perks=1441682018,2985827016,3987942396,3764420437
dimwishlist:item=2452936817&perks=1441682018,2985827016,3987942396,1089671869
dimwishlist:item=2452936817&perks=1441682018,2985827016,3987942396,3078487919
dimwishlist:item=2452936817&perks=1441682018,2985827016,3751912585,3764420437
dimwishlist:item=2452936817&perks=1441682018,2985827016,3751912585,1089671869
dimwishlist:item=2452936817&perks=1441682018,2985827016,3751912585,3078487919
dimwishlist:item=2452936817&perks=1441682018,2822142346,3987942396,3764420437
dimwishlist:item=2452936817&perks=1441682018,2822142346,3987942396,1089671869
dimwishlist:item=2452936817&perks=1441682018,2822142346,3987942396,3078487919
dimwishlist:item=2452936817&perks=1441682018,2822142346,3751912585,3764420437
dimwishlist:item=2452936817&perks=1441682018,2822142346,3751912585,1089671869
dimwishlist:item=2452936817&perks=1441682018,2822142346,3751912585,3078487919
dimwishlist:item=2452936817&perks=3525010810,3301904089,3987942396,3764420437
dimwishlist:item=2452936817&perks=3525010810,3301904089,3987942396,1089671869
dimwishlist:item=2452936817&perks=3525010810,3301904089,3987942396,3078487919
dimwishlist:item=2452936817&perks=3525010810,3301904089,3751912585,3764420437
dimwishlist:item=2452936817&perks=3525010810,3301904089,3751912585,1089671869
dimwishlist:item=2452936817&perks=3525010810,3301904089,3751912585,3078487919
dimwishlist:item=2452936817&perks=3525010810,409831596,3987942396,3764420437
dimwishlist:item=2452936817&perks=3525010810,409831596,3987942396,1089671869
dimwishlist:item=2452936817&perks=3525010810,409831596,3987942396,3078487919
dimwishlist:item=2452936817&perks=3525010810,409831596,3751912585,3764420437
dimwishlist:item=2452936817&perks=3525010810,409831596,3751912585,1089671869
dimwishlist:item=2452936817&perks=3525010810,409831596,3751912585,3078487919
dimwishlist:item=2452936817&perks=3525010810,2985827016,3987942396,3764420437
dimwishlist:item=2452936817&perks=3525010810,2985827016,3987942396,1089671869
dimwishlist:item=2452936817&perks=3525010810,2985827016,3987942396,3078487919
dimwishlist:item=2452936817&perks=3525010810,2985827016,3751912585,3764420437
dimwishlist:item=2452936817&perks=3525010810,2985827016,3751912585,1089671869
dimwishlist:item=2452936817&perks=3525010810,2985827016,3751912585,3078487919
dimwishlist:item=2452936817&perks=3525010810,2822142346,3987942396,3764420437
dimwishlist:item=2452936817&perks=3525010810,2822142346,3987942396,1089671869
dimwishlist:item=2452936817&perks=3525010810,2822142346,3987942396,3078487919
dimwishlist:item=2452936817&perks=3525010810,2822142346,3751912585,3764420437
dimwishlist:item=2452936817&perks=3525010810,2822142346,3751912585,1089671869
dimwishlist:item=2452936817&perks=3525010810,2822142346,3751912585,3078487919
dimwishlist:item=2452936817&perks=3798852852,3301904089,3987942396,3764420437
dimwishlist:item=2452936817&perks=3798852852,3301904089,3987942396,1089671869
dimwishlist:item=2452936817&perks=3798852852,3301904089,3987942396,3078487919
dimwishlist:item=2452936817&perks=3798852852,3301904089,3751912585,3764420437
dimwishlist:item=2452936817&perks=3798852852,3301904089,3751912585,1089671869
dimwishlist:item=2452936817&perks=3798852852,3301904089,3751912585,3078487919
dimwishlist:item=2452936817&perks=3798852852,409831596,3987942396,3764420437
dimwishlist:item=2452936817&perks=3798852852,409831596,3987942396,1089671869
dimwishlist:item=2452936817&perks=3798852852,409831596,3987942396,3078487919
dimwishlist:item=2452936817&perks=3798852852,409831596,3751912585,3764420437
dimwishlist:item=2452936817&perks=3798852852,409831596,3751912585,1089671869
dimwishlist:item=2452936817&perks=3798852852,409831596,3751912585,3078487919
dimwishlist:item=2452936817&perks=3798852852,2985827016,3987942396,3764420437
dimwishlist:item=2452936817&perks=3798852852,2985827016,3987942396,1089671869
dimwishlist:item=2452936817&perks=3798852852,2985827016,3987942396,3078487919
dimwishlist:item=2452936817&perks=3798852852,2985827016,3751912585,3764420437
dimwishlist:item=2452936817&perks=3798852852,2985827016,3751912585,1089671869
dimwishlist:item=2452936817&perks=3798852852,2985827016,3751912585,3078487919
dimwishlist:item=2452936817&perks=3798852852,2822142346,3987942396,3764420437
dimwishlist:item=2452936817&perks=3798852852,2822142346,3987942396,1089671869
dimwishlist:item=2452936817&perks=3798852852,2822142346,3987942396,3078487919
dimwishlist:item=2452936817&perks=3798852852,2822142346,3751912585,3764420437
dimwishlist:item=2452936817&perks=3798852852,2822142346,3751912585,1089671869
dimwishlist:item=2452936817&perks=3798852852,2822142346,3751912585,3078487919


// VS Pyroelectric Propellant - VS热电推进 (pve)
//notes: 起源特性还能转技能，按着射下蛋+放电+回转 tags:pve
dimwishlist:item=2460368549&perks=839105230,1087426260,243981275,3966416502
dimwishlist:item=2460368549&perks=839105230,1087426260,243981275,365154968
dimwishlist:item=2460368549&perks=839105230,106909392,243981275,3966416502
dimwishlist:item=2460368549&perks=839105230,106909392,243981275,365154968
dimwishlist:item=2460368549&perks=839105230,3230963543,243981275,3966416502
dimwishlist:item=2460368549&perks=839105230,3230963543,243981275,365154968
dimwishlist:item=2460368549&perks=839105230,1968497646,243981275,3966416502
dimwishlist:item=2460368549&perks=839105230,1968497646,243981275,365154968
dimwishlist:item=2460368549&perks=839105230,1885400500,243981275,3966416502
dimwishlist:item=2460368549&perks=839105230,1885400500,243981275,365154968
dimwishlist:item=2460368549&perks=1840239774,1087426260,243981275,3966416502
dimwishlist:item=2460368549&perks=1840239774,1087426260,243981275,365154968
dimwishlist:item=2460368549&perks=1840239774,106909392,243981275,3966416502
dimwishlist:item=2460368549&perks=1840239774,106909392,243981275,365154968
dimwishlist:item=2460368549&perks=1840239774,3230963543,243981275,3966416502
dimwishlist:item=2460368549&perks=1840239774,3230963543,243981275,365154968
dimwishlist:item=2460368549&perks=1840239774,1968497646,243981275,3966416502
dimwishlist:item=2460368549&perks=1840239774,1968497646,243981275,365154968
dimwishlist:item=2460368549&perks=1840239774,1885400500,243981275,3966416502
dimwishlist:item=2460368549&perks=1840239774,1885400500,243981275,365154968
dimwishlist:item=2460368549&perks=4090651448,1087426260,243981275,3966416502
dimwishlist:item=2460368549&perks=4090651448,1087426260,243981275,365154968
dimwishlist:item=2460368549&perks=4090651448,106909392,243981275,3966416502
dimwishlist:item=2460368549&perks=4090651448,106909392,243981275,365154968
dimwishlist:item=2460368549&perks=4090651448,3230963543,243981275,3966416502
dimwishlist:item=2460368549&perks=4090651448,3230963543,243981275,365154968
dimwishlist:item=2460368549&perks=4090651448,1968497646,243981275,3966416502
dimwishlist:item=2460368549&perks=4090651448,1968497646,243981275,365154968
dimwishlist:item=2460368549&perks=4090651448,1885400500,243981275,3966416502
dimwishlist:item=2460368549&perks=4090651448,1885400500,243981275,365154968


// VS Gravitic Arrest - VS重力滞止 (pve)
//notes: 只能清怪或上削弱的工具枪，不推荐 tags:pve
dimwishlist:item=3102162710&perks=839105230,689005463,1556840489,1134488199
dimwishlist:item=3102162710&perks=839105230,689005463,1556840489,2048641572
dimwishlist:item=3102162710&perks=839105230,689005463,776531651,1134488199
dimwishlist:item=3102162710&perks=839105230,689005463,776531651,2048641572
dimwishlist:item=3102162710&perks=839105230,2680121939,1556840489,1134488199
dimwishlist:item=3102162710&perks=839105230,2680121939,1556840489,2048641572
dimwishlist:item=3102162710&perks=839105230,2680121939,776531651,1134488199
dimwishlist:item=3102162710&perks=839105230,2680121939,776531651,2048641572
dimwishlist:item=3102162710&perks=1840239774,689005463,1556840489,1134488199
dimwishlist:item=3102162710&perks=1840239774,689005463,1556840489,2048641572
dimwishlist:item=3102162710&perks=1840239774,689005463,776531651,1134488199
dimwishlist:item=3102162710&perks=1840239774,689005463,776531651,2048641572
dimwishlist:item=3102162710&perks=1840239774,2680121939,1556840489,1134488199
dimwishlist:item=3102162710&perks=1840239774,2680121939,1556840489,2048641572
dimwishlist:item=3102162710&perks=1840239774,2680121939,776531651,1134488199
dimwishlist:item=3102162710&perks=1840239774,2680121939,776531651,2048641572


