title:地牢-守望者尖塔
description:凯旋纪念

// Liminal Vigil - 阈限守夜 (pve)
//notes: tags:pve
dimwishlist:item=355893876&perks=839105230,106909392,243981275,4104185692
dimwishlist:item=355893876&perks=839105230,3230963543,243981275,4104185692
dimwishlist:item=355893876&perks=1840239774,106909392,243981275,4104185692
dimwishlist:item=355893876&perks=1840239774,3230963543,243981275,4104185692


// Liminal Vigil - 阈限守夜 (pve)
//notes: tags:pve
dimwishlist:item=355893876&perks=839105230,106909392,124408337,1955165503
dimwishlist:item=355893876&perks=839105230,106909392,124408337,4104185692
dimwishlist:item=355893876&perks=839105230,106909392,2922950962,1955165503
dimwishlist:item=355893876&perks=839105230,106909392,2922950962,4104185692
dimwishlist:item=355893876&perks=839105230,3230963543,124408337,1955165503
dimwishlist:item=355893876&perks=839105230,3230963543,124408337,4104185692
dimwishlist:item=355893876&perks=839105230,3230963543,2922950962,1955165503
dimwishlist:item=355893876&perks=839105230,3230963543,2922950962,4104185692
dimwishlist:item=355893876&perks=1840239774,106909392,124408337,1955165503
dimwishlist:item=355893876&perks=1840239774,106909392,124408337,4104185692
dimwishlist:item=355893876&perks=1840239774,106909392,2922950962,1955165503
dimwishlist:item=355893876&perks=1840239774,106909392,2922950962,4104185692
dimwishlist:item=355893876&perks=1840239774,3230963543,124408337,1955165503
dimwishlist:item=355893876&perks=1840239774,3230963543,124408337,4104185692
dimwishlist:item=355893876&perks=1840239774,3230963543,2922950962,1955165503
dimwishlist:item=355893876&perks=1840239774,3230963543,2922950962,4104185692


// Wilderflight - 狂野飞禽 (pve)
//notes: 三切高伤害榴弹或双发致盲大范围控场，按需刷 tags:pve
dimwishlist:item=408862798&perks=1478423395,3032599245,3300816228,3764420437
dimwishlist:item=408862798&perks=1478423395,3032599245,3300816228,1089671869
dimwishlist:item=408862798&perks=1478423395,3032599245,3300816228,3078487919
dimwishlist:item=408862798&perks=1478423395,3032599245,3300816228,1134488199
dimwishlist:item=408862798&perks=1478423395,3032599245,3987942396,3764420437
dimwishlist:item=408862798&perks=1478423395,3032599245,3987942396,1089671869
dimwishlist:item=408862798&perks=1478423395,3032599245,3987942396,3078487919
dimwishlist:item=408862798&perks=1478423395,3032599245,3987942396,1134488199
dimwishlist:item=408862798&perks=1478423395,3301904089,3300816228,3764420437
dimwishlist:item=408862798&perks=1478423395,3301904089,3300816228,1089671869
dimwishlist:item=408862798&perks=1478423395,3301904089,3300816228,3078487919
dimwishlist:item=408862798&perks=1478423395,3301904089,3300816228,1134488199
dimwishlist:item=408862798&perks=1478423395,3301904089,3987942396,3764420437
dimwishlist:item=408862798&perks=1478423395,3301904089,3987942396,1089671869
dimwishlist:item=408862798&perks=1478423395,3301904089,3987942396,3078487919
dimwishlist:item=408862798&perks=1478423395,3301904089,3987942396,1134488199
dimwishlist:item=408862798&perks=1478423395,409831596,3300816228,3764420437
dimwishlist:item=408862798&perks=1478423395,409831596,3300816228,1089671869
dimwishlist:item=408862798&perks=1478423395,409831596,3300816228,3078487919
dimwishlist:item=408862798&perks=1478423395,409831596,3300816228,1134488199
dimwishlist:item=408862798&perks=1478423395,409831596,3987942396,3764420437
dimwishlist:item=408862798&perks=1478423395,409831596,3987942396,1089671869
dimwishlist:item=408862798&perks=1478423395,409831596,3987942396,3078487919
dimwishlist:item=408862798&perks=1478423395,409831596,3987942396,1134488199
dimwishlist:item=408862798&perks=981914802,3032599245,3300816228,3764420437
dimwishlist:item=408862798&perks=981914802,3032599245,3300816228,1089671869
dimwishlist:item=408862798&perks=981914802,3032599245,3300816228,3078487919
dimwishlist:item=408862798&perks=981914802,3032599245,3300816228,1134488199
dimwishlist:item=408862798&perks=981914802,3032599245,3987942396,3764420437
dimwishlist:item=408862798&perks=981914802,3032599245,3987942396,1089671869
dimwishlist:item=408862798&perks=981914802,3032599245,3987942396,3078487919
dimwishlist:item=408862798&perks=981914802,3032599245,3987942396,1134488199
dimwishlist:item=408862798&perks=981914802,3301904089,3300816228,3764420437
dimwishlist:item=408862798&perks=981914802,3301904089,3300816228,1089671869
dimwishlist:item=408862798&perks=981914802,3301904089,3300816228,3078487919
dimwishlist:item=408862798&perks=981914802,3301904089,3300816228,1134488199
dimwishlist:item=408862798&perks=981914802,3301904089,3987942396,3764420437
dimwishlist:item=408862798&perks=981914802,3301904089,3987942396,1089671869
dimwishlist:item=408862798&perks=981914802,3301904089,3987942396,3078487919
dimwishlist:item=408862798&perks=981914802,3301904089,3987942396,1134488199
dimwishlist:item=408862798&perks=981914802,409831596,3300816228,3764420437
dimwishlist:item=408862798&perks=981914802,409831596,3300816228,1089671869
dimwishlist:item=408862798&perks=981914802,409831596,3300816228,3078487919
dimwishlist:item=408862798&perks=981914802,409831596,3300816228,1134488199
dimwishlist:item=408862798&perks=981914802,409831596,3987942396,3764420437
dimwishlist:item=408862798&perks=981914802,409831596,3987942396,1089671869
dimwishlist:item=408862798&perks=981914802,409831596,3987942396,3078487919
dimwishlist:item=408862798&perks=981914802,409831596,3987942396,1134488199
dimwishlist:item=408862798&perks=3525010810,3032599245,3300816228,3764420437
dimwishlist:item=408862798&perks=3525010810,3032599245,3300816228,1089671869
dimwishlist:item=408862798&perks=3525010810,3032599245,3300816228,3078487919
dimwishlist:item=408862798&perks=3525010810,3032599245,3300816228,1134488199
dimwishlist:item=408862798&perks=3525010810,3032599245,3987942396,3764420437
dimwishlist:item=408862798&perks=3525010810,3032599245,3987942396,1089671869
dimwishlist:item=408862798&perks=3525010810,3032599245,3987942396,3078487919
dimwishlist:item=408862798&perks=3525010810,3032599245,3987942396,1134488199
dimwishlist:item=408862798&perks=3525010810,3301904089,3300816228,3764420437
dimwishlist:item=408862798&perks=3525010810,3301904089,3300816228,1089671869
dimwishlist:item=408862798&perks=3525010810,3301904089,3300816228,3078487919
dimwishlist:item=408862798&perks=3525010810,3301904089,3300816228,1134488199
dimwishlist:item=408862798&perks=3525010810,3301904089,3987942396,3764420437
dimwishlist:item=408862798&perks=3525010810,3301904089,3987942396,1089671869
dimwishlist:item=408862798&perks=3525010810,3301904089,3987942396,3078487919
dimwishlist:item=408862798&perks=3525010810,3301904089,3987942396,1134488199
dimwishlist:item=408862798&perks=3525010810,409831596,3300816228,3764420437
dimwishlist:item=408862798&perks=3525010810,409831596,3300816228,1089671869
dimwishlist:item=408862798&perks=3525010810,409831596,3300816228,3078487919
dimwishlist:item=408862798&perks=3525010810,409831596,3300816228,1134488199
dimwishlist:item=408862798&perks=3525010810,409831596,3987942396,3764420437
dimwishlist:item=408862798&perks=3525010810,409831596,3987942396,1089671869
dimwishlist:item=408862798&perks=3525010810,409831596,3987942396,3078487919
dimwishlist:item=408862798&perks=3525010810,409831596,3987942396,1134488199
dimwishlist:item=408862798&perks=3798852852,3032599245,3300816228,3764420437
dimwishlist:item=408862798&perks=3798852852,3032599245,3300816228,1089671869
dimwishlist:item=408862798&perks=3798852852,3032599245,3300816228,3078487919
dimwishlist:item=408862798&perks=3798852852,3032599245,3300816228,1134488199
dimwishlist:item=408862798&perks=3798852852,3032599245,3987942396,3764420437
dimwishlist:item=408862798&perks=3798852852,3032599245,3987942396,1089671869
dimwishlist:item=408862798&perks=3798852852,3032599245,3987942396,3078487919
dimwishlist:item=408862798&perks=3798852852,3032599245,3987942396,1134488199
dimwishlist:item=408862798&perks=3798852852,3301904089,3300816228,3764420437
dimwishlist:item=408862798&perks=3798852852,3301904089,3300816228,1089671869
dimwishlist:item=408862798&perks=3798852852,3301904089,3300816228,3078487919
dimwishlist:item=408862798&perks=3798852852,3301904089,3300816228,1134488199
dimwishlist:item=408862798&perks=3798852852,3301904089,3987942396,3764420437
dimwishlist:item=408862798&perks=3798852852,3301904089,3987942396,1089671869
dimwishlist:item=408862798&perks=3798852852,3301904089,3987942396,3078487919
dimwishlist:item=408862798&perks=3798852852,3301904089,3987942396,1134488199
dimwishlist:item=408862798&perks=3798852852,409831596,3300816228,3764420437
dimwishlist:item=408862798&perks=3798852852,409831596,3300816228,1089671869
dimwishlist:item=408862798&perks=3798852852,409831596,3300816228,3078487919
dimwishlist:item=408862798&perks=3798852852,409831596,3300816228,1134488199
dimwishlist:item=408862798&perks=3798852852,409831596,3987942396,3764420437
dimwishlist:item=408862798&perks=3798852852,409831596,3987942396,1089671869
dimwishlist:item=408862798&perks=3798852852,409831596,3987942396,3078487919
dimwishlist:item=408862798&perks=3798852852,409831596,3987942396,1134488199


// Long Arm - 长臂 (pve)
//notes: tags:pve
dimwishlist:item=3418719964&perks=839105230,106909392,3218042543,3640170453
dimwishlist:item=3418719964&perks=839105230,106909392,3218042543,3038247973
dimwishlist:item=3418719964&perks=839105230,3230963543,3218042543,3640170453
dimwishlist:item=3418719964&perks=839105230,3230963543,3218042543,3038247973
dimwishlist:item=3418719964&perks=1840239774,106909392,3218042543,3640170453
dimwishlist:item=3418719964&perks=1840239774,106909392,3218042543,3038247973
dimwishlist:item=3418719964&perks=1840239774,3230963543,3218042543,3640170453
dimwishlist:item=3418719964&perks=1840239774,3230963543,3218042543,3038247973
dimwishlist:item=3418719964&perks=4090651448,106909392,3218042543,3640170453
dimwishlist:item=3418719964&perks=4090651448,106909392,3218042543,3038247973
dimwishlist:item=3418719964&perks=4090651448,3230963543,3218042543,3640170453
dimwishlist:item=3418719964&perks=4090651448,3230963543,3218042543,3038247973


// Terminus Horizon - 终点视界 (pve)
//notes: 常规电机枪，框架偏清怪 tags:pve
dimwishlist:item=3814261872&perks=839105230,106909392,1523832109,3218042543
dimwishlist:item=3814261872&perks=839105230,106909392,1523832109,3966416502
dimwishlist:item=3814261872&perks=839105230,106909392,657025441,3218042543
dimwishlist:item=3814261872&perks=839105230,106909392,657025441,3966416502
dimwishlist:item=3814261872&perks=839105230,106909392,1354429876,3218042543
dimwishlist:item=3814261872&perks=839105230,106909392,1354429876,3966416502
dimwishlist:item=3814261872&perks=839105230,106909392,1511100135,3218042543
dimwishlist:item=3814261872&perks=839105230,106909392,1511100135,3966416502
dimwishlist:item=3814261872&perks=839105230,106909392,1115162408,3218042543
dimwishlist:item=3814261872&perks=839105230,106909392,1115162408,3966416502
dimwishlist:item=3814261872&perks=839105230,3230963543,1523832109,3218042543
dimwishlist:item=3814261872&perks=839105230,3230963543,1523832109,3966416502
dimwishlist:item=3814261872&perks=839105230,3230963543,657025441,3218042543
dimwishlist:item=3814261872&perks=839105230,3230963543,657025441,3966416502
dimwishlist:item=3814261872&perks=839105230,3230963543,1354429876,3218042543
dimwishlist:item=3814261872&perks=839105230,3230963543,1354429876,3966416502
dimwishlist:item=3814261872&perks=839105230,3230963543,1511100135,3218042543
dimwishlist:item=3814261872&perks=839105230,3230963543,1511100135,3966416502
dimwishlist:item=3814261872&perks=839105230,3230963543,1115162408,3218042543
dimwishlist:item=3814261872&perks=839105230,3230963543,1115162408,3966416502
dimwishlist:item=3814261872&perks=1840239774,106909392,1523832109,3218042543
dimwishlist:item=3814261872&perks=1840239774,106909392,1523832109,3966416502
dimwishlist:item=3814261872&perks=1840239774,106909392,657025441,3218042543
dimwishlist:item=3814261872&perks=1840239774,106909392,657025441,3966416502
dimwishlist:item=3814261872&perks=1840239774,106909392,1354429876,3218042543
dimwishlist:item=3814261872&perks=1840239774,106909392,1354429876,3966416502
dimwishlist:item=3814261872&perks=1840239774,106909392,1511100135,3218042543
dimwishlist:item=3814261872&perks=1840239774,106909392,1511100135,3966416502
dimwishlist:item=3814261872&perks=1840239774,106909392,1115162408,3218042543
dimwishlist:item=3814261872&perks=1840239774,106909392,1115162408,3966416502
dimwishlist:item=3814261872&perks=1840239774,3230963543,1523832109,3218042543
dimwishlist:item=3814261872&perks=1840239774,3230963543,1523832109,3966416502
dimwishlist:item=3814261872&perks=1840239774,3230963543,657025441,3218042543
dimwishlist:item=3814261872&perks=1840239774,3230963543,657025441,3966416502
dimwishlist:item=3814261872&perks=1840239774,3230963543,1354429876,3218042543
dimwishlist:item=3814261872&perks=1840239774,3230963543,1354429876,3966416502
dimwishlist:item=3814261872&perks=1840239774,3230963543,1511100135,3218042543
dimwishlist:item=3814261872&perks=1840239774,3230963543,1511100135,3966416502
dimwishlist:item=3814261872&perks=1840239774,3230963543,1115162408,3218042543
dimwishlist:item=3814261872&perks=1840239774,3230963543,1115162408,3966416502
dimwishlist:item=3814261872&perks=4090651448,106909392,1523832109,3218042543
dimwishlist:item=3814261872&perks=4090651448,106909392,1523832109,3966416502
dimwishlist:item=3814261872&perks=4090651448,106909392,657025441,3218042543
dimwishlist:item=3814261872&perks=4090651448,106909392,657025441,3966416502
dimwishlist:item=3814261872&perks=4090651448,106909392,1354429876,3218042543
dimwishlist:item=3814261872&perks=4090651448,106909392,1354429876,3966416502
dimwishlist:item=3814261872&perks=4090651448,106909392,1511100135,3218042543
dimwishlist:item=3814261872&perks=4090651448,106909392,1511100135,3966416502
dimwishlist:item=3814261872&perks=4090651448,106909392,1115162408,3218042543
dimwishlist:item=3814261872&perks=4090651448,106909392,1115162408,3966416502
dimwishlist:item=3814261872&perks=4090651448,3230963543,1523832109,3218042543
dimwishlist:item=3814261872&perks=4090651448,3230963543,1523832109,3966416502
dimwishlist:item=3814261872&perks=4090651448,3230963543,657025441,3218042543
dimwishlist:item=3814261872&perks=4090651448,3230963543,657025441,3966416502
dimwishlist:item=3814261872&perks=4090651448,3230963543,1354429876,3218042543
dimwishlist:item=3814261872&perks=4090651448,3230963543,1354429876,3966416502
dimwishlist:item=3814261872&perks=4090651448,3230963543,1511100135,3218042543
dimwishlist:item=3814261872&perks=4090651448,3230963543,1511100135,3966416502
dimwishlist:item=3814261872&perks=4090651448,3230963543,1115162408,3218042543
dimwishlist:item=3814261872&perks=4090651448,3230963543,1115162408,3966416502


