title:愿望清单管理器没有的武器
description:愿望清单管理器没有的武器

// Triple Laureate - 三冠得主 (pve)
//notes: tags:pve
dimwishlist:item=2908653246&perks=1300023272,2420895100,1631667848,2679249093
dimwishlist:item=2908653246&perks=1300023272,2420895100,1631667848,3640170453
dimwishlist:item=2908653246&perks=1300023272,2420895100,1631667848,2360754333
dimwishlist:item=2908653246&perks=1300023272,1087426260,1631667848,2679249093
dimwishlist:item=2908653246&perks=1300023272,1087426260,1631667848,3640170453
dimwishlist:item=2908653246&perks=1300023272,1087426260,1631667848,2360754333
dimwishlist:item=2908653246&perks=1300023272,106909392,1631667848,2679249093
dimwishlist:item=2908653246&perks=1300023272,106909392,1631667848,3640170453
dimwishlist:item=2908653246&perks=1300023272,106909392,1631667848,2360754333
dimwishlist:item=2908653246&perks=4090651448,2420895100,1631667848,2679249093
dimwishlist:item=2908653246&perks=4090651448,2420895100,1631667848,3640170453
dimwishlist:item=2908653246&perks=4090651448,2420895100,1631667848,2360754333
dimwishlist:item=2908653246&perks=4090651448,1087426260,1631667848,2679249093
dimwishlist:item=2908653246&perks=4090651448,1087426260,1631667848,3640170453
dimwishlist:item=2908653246&perks=4090651448,1087426260,1631667848,2360754333
dimwishlist:item=2908653246&perks=4090651448,106909392,1631667848,2679249093
dimwishlist:item=2908653246&perks=4090651448,106909392,1631667848,3640170453
dimwishlist:item=2908653246&perks=4090651448,106909392,1631667848,2360754333
dimwishlist:item=2908653246&perks=1482024992,2420895100,1631667848,2679249093
dimwishlist:item=2908653246&perks=1482024992,2420895100,1631667848,3640170453
dimwishlist:item=2908653246&perks=1482024992,2420895100,1631667848,2360754333
dimwishlist:item=2908653246&perks=1482024992,1087426260,1631667848,2679249093
dimwishlist:item=2908653246&perks=1482024992,1087426260,1631667848,3640170453
dimwishlist:item=2908653246&perks=1482024992,1087426260,1631667848,2360754333
dimwishlist:item=2908653246&perks=1482024992,106909392,1631667848,2679249093
dimwishlist:item=2908653246&perks=1482024992,106909392,1631667848,3640170453
dimwishlist:item=2908653246&perks=1482024992,106909392,1631667848,2360754333


// Triple Laureate - 三冠得主 (pve)
//notes: tags:pve
dimwishlist:item=2908653246&perks=1482024992,106909392,2922950962,2679249093
dimwishlist:item=2908653246&perks=1482024992,106909392,2922950962,3640170453
dimwishlist:item=2908653246&perks=1482024992,106909392,2922950962,2360754333
dimwishlist:item=2908653246&perks=1482024992,106909392,3161816588,2679249093
dimwishlist:item=2908653246&perks=1482024992,106909392,3161816588,3640170453
dimwishlist:item=2908653246&perks=1482024992,106909392,3161816588,2360754333
dimwishlist:item=2908653246&perks=1482024992,3230963543,2922950962,2679249093
dimwishlist:item=2908653246&perks=1482024992,3230963543,2922950962,3640170453
dimwishlist:item=2908653246&perks=1482024992,3230963543,2922950962,2360754333
dimwishlist:item=2908653246&perks=1482024992,3230963543,3161816588,2679249093
dimwishlist:item=2908653246&perks=1482024992,3230963543,3161816588,3640170453
dimwishlist:item=2908653246&perks=1482024992,3230963543,3161816588,2360754333
dimwishlist:item=2908653246&perks=1300023272,106909392,2922950962,2679249093
dimwishlist:item=2908653246&perks=1300023272,106909392,2922950962,3640170453
dimwishlist:item=2908653246&perks=1300023272,106909392,2922950962,2360754333
dimwishlist:item=2908653246&perks=1300023272,106909392,3161816588,2679249093
dimwishlist:item=2908653246&perks=1300023272,106909392,3161816588,3640170453
dimwishlist:item=2908653246&perks=1300023272,106909392,3161816588,2360754333
dimwishlist:item=2908653246&perks=1300023272,3230963543,2922950962,2679249093
dimwishlist:item=2908653246&perks=1300023272,3230963543,2922950962,3640170453
dimwishlist:item=2908653246&perks=1300023272,3230963543,2922950962,2360754333
dimwishlist:item=2908653246&perks=1300023272,3230963543,3161816588,2679249093
dimwishlist:item=2908653246&perks=1300023272,3230963543,3161816588,3640170453
dimwishlist:item=2908653246&perks=1300023272,3230963543,3161816588,2360754333
dimwishlist:item=2908653246&perks=4090651448,106909392,2922950962,2679249093
dimwishlist:item=2908653246&perks=4090651448,106909392,2922950962,3640170453
dimwishlist:item=2908653246&perks=4090651448,106909392,2922950962,2360754333
dimwishlist:item=2908653246&perks=4090651448,106909392,3161816588,2679249093
dimwishlist:item=2908653246&perks=4090651448,106909392,3161816588,3640170453
dimwishlist:item=2908653246&perks=4090651448,106909392,3161816588,2360754333
dimwishlist:item=2908653246&perks=4090651448,3230963543,2922950962,2679249093
dimwishlist:item=2908653246&perks=4090651448,3230963543,2922950962,3640170453
dimwishlist:item=2908653246&perks=4090651448,3230963543,2922950962,2360754333
dimwishlist:item=2908653246&perks=4090651448,3230963543,3161816588,2679249093
dimwishlist:item=2908653246&perks=4090651448,3230963543,3161816588,3640170453
dimwishlist:item=2908653246&perks=4090651448,3230963543,3161816588,2360754333
