title:目的地-幽梦之城
description:凯旋纪念碑

// Twilight Oath - 暮光誓言 (pve)
//notes: 嫉妒刺客需要叠层，虽然装得多但没有全知之眼来得方便，可以看作其下位替代 tags:pve
dimwishlist:item=268357178&perks=839105230,1087426260,968510818,555281244
dimwishlist:item=268357178&perks=839105230,1087426260,968510818,3078487919
dimwishlist:item=268357178&perks=839105230,106909392,968510818,555281244
dimwishlist:item=268357178&perks=839105230,106909392,968510818,3078487919
dimwishlist:item=268357178&perks=839105230,3230963543,968510818,555281244
dimwishlist:item=268357178&perks=839105230,3230963543,968510818,3078487919
dimwishlist:item=268357178&perks=4090651448,1087426260,968510818,555281244
dimwishlist:item=268357178&perks=4090651448,1087426260,968510818,3078487919
dimwishlist:item=268357178&perks=4090651448,106909392,968510818,555281244
dimwishlist:item=268357178&perks=4090651448,106909392,968510818,3078487919
dimwishlist:item=268357178&perks=4090651448,3230963543,968510818,555281244
dimwishlist:item=268357178&perks=4090651448,3230963543,968510818,3078487919
dimwishlist:item=268357178&perks=1840239774,1087426260,968510818,555281244
dimwishlist:item=268357178&perks=1840239774,1087426260,968510818,3078487919
dimwishlist:item=268357178&perks=1840239774,106909392,968510818,555281244
dimwishlist:item=268357178&perks=1840239774,106909392,968510818,3078487919
dimwishlist:item=268357178&perks=1840239774,3230963543,968510818,555281244
dimwishlist:item=268357178&perks=1840239774,3230963543,968510818,3078487919


// Abide the Return - 静待回归 (pve)
//notes: tags:pve
dimwishlist:item=1291270049&perks=436053704,52780822,1749209109,2077819806
dimwishlist:item=1291270049&perks=436053704,52780822,1749209109,3913600130
dimwishlist:item=1291270049&perks=436053704,52780822,1749209109,1089671869
dimwishlist:item=1291270049&perks=436053704,52780822,1749209109,3201496230
dimwishlist:item=1291270049&perks=436053704,52780822,1749209109,243981275
dimwishlist:item=1291270049&perks=436053704,52780822,2590710093,2077819806
dimwishlist:item=1291270049&perks=436053704,52780822,2590710093,3913600130
dimwishlist:item=1291270049&perks=436053704,52780822,2590710093,1089671869
dimwishlist:item=1291270049&perks=436053704,52780822,2590710093,3201496230
dimwishlist:item=1291270049&perks=436053704,52780822,2590710093,243981275
dimwishlist:item=1291270049&perks=436053704,2349202967,1749209109,2077819806
dimwishlist:item=1291270049&perks=436053704,2349202967,1749209109,3913600130
dimwishlist:item=1291270049&perks=436053704,2349202967,1749209109,1089671869
dimwishlist:item=1291270049&perks=436053704,2349202967,1749209109,3201496230
dimwishlist:item=1291270049&perks=436053704,2349202967,1749209109,243981275
dimwishlist:item=1291270049&perks=436053704,2349202967,2590710093,2077819806
dimwishlist:item=1291270049&perks=436053704,2349202967,2590710093,3913600130
dimwishlist:item=1291270049&perks=436053704,2349202967,2590710093,1089671869
dimwishlist:item=1291270049&perks=436053704,2349202967,2590710093,3201496230
dimwishlist:item=1291270049&perks=436053704,2349202967,2590710093,243981275
dimwishlist:item=1291270049&perks=436053704,269888150,1749209109,2077819806
dimwishlist:item=1291270049&perks=436053704,269888150,1749209109,3913600130
dimwishlist:item=1291270049&perks=436053704,269888150,1749209109,1089671869
dimwishlist:item=1291270049&perks=436053704,269888150,1749209109,3201496230
dimwishlist:item=1291270049&perks=436053704,269888150,1749209109,243981275
dimwishlist:item=1291270049&perks=436053704,269888150,2590710093,2077819806
dimwishlist:item=1291270049&perks=436053704,269888150,2590710093,3913600130
dimwishlist:item=1291270049&perks=436053704,269888150,2590710093,1089671869
dimwishlist:item=1291270049&perks=436053704,269888150,2590710093,3201496230
dimwishlist:item=1291270049&perks=436053704,269888150,2590710093,243981275
dimwishlist:item=1291270049&perks=2827049491,52780822,1749209109,2077819806
dimwishlist:item=1291270049&perks=2827049491,52780822,1749209109,3913600130
dimwishlist:item=1291270049&perks=2827049491,52780822,1749209109,1089671869
dimwishlist:item=1291270049&perks=2827049491,52780822,1749209109,3201496230
dimwishlist:item=1291270049&perks=2827049491,52780822,1749209109,243981275
dimwishlist:item=1291270049&perks=2827049491,52780822,2590710093,2077819806
dimwishlist:item=1291270049&perks=2827049491,52780822,2590710093,3913600130
dimwishlist:item=1291270049&perks=2827049491,52780822,2590710093,1089671869
dimwishlist:item=1291270049&perks=2827049491,52780822,2590710093,3201496230
dimwishlist:item=1291270049&perks=2827049491,52780822,2590710093,243981275
dimwishlist:item=1291270049&perks=2827049491,2349202967,1749209109,2077819806
dimwishlist:item=1291270049&perks=2827049491,2349202967,1749209109,3913600130
dimwishlist:item=1291270049&perks=2827049491,2349202967,1749209109,1089671869
dimwishlist:item=1291270049&perks=2827049491,2349202967,1749209109,3201496230
dimwishlist:item=1291270049&perks=2827049491,2349202967,1749209109,243981275
dimwishlist:item=1291270049&perks=2827049491,2349202967,2590710093,2077819806
dimwishlist:item=1291270049&perks=2827049491,2349202967,2590710093,3913600130
dimwishlist:item=1291270049&perks=2827049491,2349202967,2590710093,1089671869
dimwishlist:item=1291270049&perks=2827049491,2349202967,2590710093,3201496230
dimwishlist:item=1291270049&perks=2827049491,2349202967,2590710093,243981275
dimwishlist:item=1291270049&perks=2827049491,269888150,1749209109,2077819806
dimwishlist:item=1291270049&perks=2827049491,269888150,1749209109,3913600130
dimwishlist:item=1291270049&perks=2827049491,269888150,1749209109,1089671869
dimwishlist:item=1291270049&perks=2827049491,269888150,1749209109,3201496230
dimwishlist:item=1291270049&perks=2827049491,269888150,1749209109,243981275
dimwishlist:item=1291270049&perks=2827049491,269888150,2590710093,2077819806
dimwishlist:item=1291270049&perks=2827049491,269888150,2590710093,3913600130
dimwishlist:item=1291270049&perks=2827049491,269888150,2590710093,1089671869
dimwishlist:item=1291270049&perks=2827049491,269888150,2590710093,3201496230
dimwishlist:item=1291270049&perks=2827049491,269888150,2590710093,243981275
dimwishlist:item=1291270049&perks=938542991,52780822,1749209109,2077819806
dimwishlist:item=1291270049&perks=938542991,52780822,1749209109,3913600130
dimwishlist:item=1291270049&perks=938542991,52780822,1749209109,1089671869
dimwishlist:item=1291270049&perks=938542991,52780822,1749209109,3201496230
dimwishlist:item=1291270049&perks=938542991,52780822,1749209109,243981275
dimwishlist:item=1291270049&perks=938542991,52780822,2590710093,2077819806
dimwishlist:item=1291270049&perks=938542991,52780822,2590710093,3913600130
dimwishlist:item=1291270049&perks=938542991,52780822,2590710093,1089671869
dimwishlist:item=1291270049&perks=938542991,52780822,2590710093,3201496230
dimwishlist:item=1291270049&perks=938542991,52780822,2590710093,243981275
dimwishlist:item=1291270049&perks=938542991,2349202967,1749209109,2077819806
dimwishlist:item=1291270049&perks=938542991,2349202967,1749209109,3913600130
dimwishlist:item=1291270049&perks=938542991,2349202967,1749209109,1089671869
dimwishlist:item=1291270049&perks=938542991,2349202967,1749209109,3201496230
dimwishlist:item=1291270049&perks=938542991,2349202967,1749209109,243981275
dimwishlist:item=1291270049&perks=938542991,2349202967,2590710093,2077819806
dimwishlist:item=1291270049&perks=938542991,2349202967,2590710093,3913600130
dimwishlist:item=1291270049&perks=938542991,2349202967,2590710093,1089671869
dimwishlist:item=1291270049&perks=938542991,2349202967,2590710093,3201496230
dimwishlist:item=1291270049&perks=938542991,2349202967,2590710093,243981275
dimwishlist:item=1291270049&perks=938542991,269888150,1749209109,2077819806
dimwishlist:item=1291270049&perks=938542991,269888150,1749209109,3913600130
dimwishlist:item=1291270049&perks=938542991,269888150,1749209109,1089671869
dimwishlist:item=1291270049&perks=938542991,269888150,1749209109,3201496230
dimwishlist:item=1291270049&perks=938542991,269888150,1749209109,243981275
dimwishlist:item=1291270049&perks=938542991,269888150,2590710093,2077819806
dimwishlist:item=1291270049&perks=938542991,269888150,2590710093,3913600130
dimwishlist:item=1291270049&perks=938542991,269888150,2590710093,1089671869
dimwishlist:item=1291270049&perks=938542991,269888150,2590710093,3201496230
dimwishlist:item=1291270049&perks=938542991,269888150,2590710093,243981275


// Tigerspite - 虎怨 (pve)
//notes: tags:pve
dimwishlist:item=1709137958&perks=839105230,1087426260,3700496672,3891536761
dimwishlist:item=1709137958&perks=839105230,3230963543,3700496672,3891536761
dimwishlist:item=1709137958&perks=839105230,106909392,3700496672,3891536761
dimwishlist:item=1709137958&perks=4090651448,1087426260,3700496672,3891536761
dimwishlist:item=1709137958&perks=4090651448,3230963543,3700496672,3891536761
dimwishlist:item=1709137958&perks=4090651448,106909392,3700496672,3891536761
dimwishlist:item=1709137958&perks=1840239774,1087426260,3700496672,3891536761
dimwishlist:item=1709137958&perks=1840239774,3230963543,3700496672,3891536761
dimwishlist:item=1709137958&perks=1840239774,106909392,3700496672,3891536761


// Waking Vigil - 梦醒警戒 (pve)
//notes: tags:pve
dimwishlist:item=1727550459&perks=839105230,1885400500,2458610193,2173046394
dimwishlist:item=1727550459&perks=839105230,1885400500,2458610193,2848615171
dimwishlist:item=1727550459&perks=839105230,1885400500,2458610193,657025441
dimwishlist:item=1727550459&perks=839105230,1885400500,1168162263,2173046394
dimwishlist:item=1727550459&perks=839105230,1885400500,1168162263,2848615171
dimwishlist:item=1727550459&perks=839105230,1885400500,1168162263,657025441
dimwishlist:item=1727550459&perks=839105230,3230963543,2458610193,2173046394
dimwishlist:item=1727550459&perks=839105230,3230963543,2458610193,2848615171
dimwishlist:item=1727550459&perks=839105230,3230963543,2458610193,657025441
dimwishlist:item=1727550459&perks=839105230,3230963543,1168162263,2173046394
dimwishlist:item=1727550459&perks=839105230,3230963543,1168162263,2848615171
dimwishlist:item=1727550459&perks=839105230,3230963543,1168162263,657025441
dimwishlist:item=1727550459&perks=839105230,106909392,2458610193,2173046394
dimwishlist:item=1727550459&perks=839105230,106909392,2458610193,2848615171
dimwishlist:item=1727550459&perks=839105230,106909392,2458610193,657025441
dimwishlist:item=1727550459&perks=839105230,106909392,1168162263,2173046394
dimwishlist:item=1727550459&perks=839105230,106909392,1168162263,2848615171
dimwishlist:item=1727550459&perks=839105230,106909392,1168162263,657025441
dimwishlist:item=1727550459&perks=4090651448,1885400500,2458610193,2173046394
dimwishlist:item=1727550459&perks=4090651448,1885400500,2458610193,2848615171
dimwishlist:item=1727550459&perks=4090651448,1885400500,2458610193,657025441
dimwishlist:item=1727550459&perks=4090651448,1885400500,1168162263,2173046394
dimwishlist:item=1727550459&perks=4090651448,1885400500,1168162263,2848615171
dimwishlist:item=1727550459&perks=4090651448,1885400500,1168162263,657025441
dimwishlist:item=1727550459&perks=4090651448,3230963543,2458610193,2173046394
dimwishlist:item=1727550459&perks=4090651448,3230963543,2458610193,2848615171
dimwishlist:item=1727550459&perks=4090651448,3230963543,2458610193,657025441
dimwishlist:item=1727550459&perks=4090651448,3230963543,1168162263,2173046394
dimwishlist:item=1727550459&perks=4090651448,3230963543,1168162263,2848615171
dimwishlist:item=1727550459&perks=4090651448,3230963543,1168162263,657025441
dimwishlist:item=1727550459&perks=4090651448,106909392,2458610193,2173046394
dimwishlist:item=1727550459&perks=4090651448,106909392,2458610193,2848615171
dimwishlist:item=1727550459&perks=4090651448,106909392,2458610193,657025441
dimwishlist:item=1727550459&perks=4090651448,106909392,1168162263,2173046394
dimwishlist:item=1727550459&perks=4090651448,106909392,1168162263,2848615171
dimwishlist:item=1727550459&perks=4090651448,106909392,1168162263,657025441
dimwishlist:item=1727550459&perks=1840239774,1885400500,2458610193,2173046394
dimwishlist:item=1727550459&perks=1840239774,1885400500,2458610193,2848615171
dimwishlist:item=1727550459&perks=1840239774,1885400500,2458610193,657025441
dimwishlist:item=1727550459&perks=1840239774,1885400500,1168162263,2173046394
dimwishlist:item=1727550459&perks=1840239774,1885400500,1168162263,2848615171
dimwishlist:item=1727550459&perks=1840239774,1885400500,1168162263,657025441
dimwishlist:item=1727550459&perks=1840239774,3230963543,2458610193,2173046394
dimwishlist:item=1727550459&perks=1840239774,3230963543,2458610193,2848615171
dimwishlist:item=1727550459&perks=1840239774,3230963543,2458610193,657025441
dimwishlist:item=1727550459&perks=1840239774,3230963543,1168162263,2173046394
dimwishlist:item=1727550459&perks=1840239774,3230963543,1168162263,2848615171
dimwishlist:item=1727550459&perks=1840239774,3230963543,1168162263,657025441
dimwishlist:item=1727550459&perks=1840239774,106909392,2458610193,2173046394
dimwishlist:item=1727550459&perks=1840239774,106909392,2458610193,2848615171
dimwishlist:item=1727550459&perks=1840239774,106909392,2458610193,657025441
dimwishlist:item=1727550459&perks=1840239774,106909392,1168162263,2173046394
dimwishlist:item=1727550459&perks=1840239774,106909392,1168162263,2848615171
dimwishlist:item=1727550459&perks=1840239774,106909392,1168162263,657025441
dimwishlist:item=1727550459&perks=1392496348,1885400500,2458610193,2173046394
dimwishlist:item=1727550459&perks=1392496348,1885400500,2458610193,2848615171
dimwishlist:item=1727550459&perks=1392496348,1885400500,2458610193,657025441
dimwishlist:item=1727550459&perks=1392496348,1885400500,1168162263,2173046394
dimwishlist:item=1727550459&perks=1392496348,1885400500,1168162263,2848615171
dimwishlist:item=1727550459&perks=1392496348,1885400500,1168162263,657025441
dimwishlist:item=1727550459&perks=1392496348,3230963543,2458610193,2173046394
dimwishlist:item=1727550459&perks=1392496348,3230963543,2458610193,2848615171
dimwishlist:item=1727550459&perks=1392496348,3230963543,2458610193,657025441
dimwishlist:item=1727550459&perks=1392496348,3230963543,1168162263,2173046394
dimwishlist:item=1727550459&perks=1392496348,3230963543,1168162263,2848615171
dimwishlist:item=1727550459&perks=1392496348,3230963543,1168162263,657025441
dimwishlist:item=1727550459&perks=1392496348,106909392,2458610193,2173046394
dimwishlist:item=1727550459&perks=1392496348,106909392,2458610193,2848615171
dimwishlist:item=1727550459&perks=1392496348,106909392,2458610193,657025441
dimwishlist:item=1727550459&perks=1392496348,106909392,1168162263,2173046394
dimwishlist:item=1727550459&perks=1392496348,106909392,1168162263,2848615171
dimwishlist:item=1727550459&perks=1392496348,106909392,1168162263,657025441
dimwishlist:item=1727550459&perks=1482024992,1885400500,2458610193,2173046394
dimwishlist:item=1727550459&perks=1482024992,1885400500,2458610193,2848615171
dimwishlist:item=1727550459&perks=1482024992,1885400500,2458610193,657025441
dimwishlist:item=1727550459&perks=1482024992,1885400500,1168162263,2173046394
dimwishlist:item=1727550459&perks=1482024992,1885400500,1168162263,2848615171
dimwishlist:item=1727550459&perks=1482024992,1885400500,1168162263,657025441
dimwishlist:item=1727550459&perks=1482024992,3230963543,2458610193,2173046394
dimwishlist:item=1727550459&perks=1482024992,3230963543,2458610193,2848615171
dimwishlist:item=1727550459&perks=1482024992,3230963543,2458610193,657025441
dimwishlist:item=1727550459&perks=1482024992,3230963543,1168162263,2173046394
dimwishlist:item=1727550459&perks=1482024992,3230963543,1168162263,2848615171
dimwishlist:item=1727550459&perks=1482024992,3230963543,1168162263,657025441
dimwishlist:item=1727550459&perks=1482024992,106909392,2458610193,2173046394
dimwishlist:item=1727550459&perks=1482024992,106909392,2458610193,2848615171
dimwishlist:item=1727550459&perks=1482024992,106909392,2458610193,657025441
dimwishlist:item=1727550459&perks=1482024992,106909392,1168162263,2173046394
dimwishlist:item=1727550459&perks=1482024992,106909392,1168162263,2848615171
dimwishlist:item=1727550459&perks=1482024992,106909392,1168162263,657025441


// Sleepless - 无眠 (pve)
//notes: tags:pve
dimwishlist:item=1738552769&perks=1478423395,2822142346,3300816228,3078487919
dimwishlist:item=1738552769&perks=1478423395,2822142346,3300816228,1089671869
dimwishlist:item=1738552769&perks=1478423395,2822142346,1523832109,3078487919
dimwishlist:item=1738552769&perks=1478423395,2822142346,1523832109,1089671869
dimwishlist:item=1738552769&perks=1478423395,3796465595,3300816228,3078487919
dimwishlist:item=1738552769&perks=1478423395,3796465595,3300816228,1089671869
dimwishlist:item=1738552769&perks=1478423395,3796465595,1523832109,3078487919
dimwishlist:item=1738552769&perks=1478423395,3796465595,1523832109,1089671869
dimwishlist:item=1738552769&perks=1478423395,2985827016,3300816228,3078487919
dimwishlist:item=1738552769&perks=1478423395,2985827016,3300816228,1089671869
dimwishlist:item=1738552769&perks=1478423395,2985827016,1523832109,3078487919
dimwishlist:item=1738552769&perks=1478423395,2985827016,1523832109,1089671869
dimwishlist:item=1738552769&perks=981914802,2822142346,3300816228,3078487919
dimwishlist:item=1738552769&perks=981914802,2822142346,3300816228,1089671869
dimwishlist:item=1738552769&perks=981914802,2822142346,1523832109,3078487919
dimwishlist:item=1738552769&perks=981914802,2822142346,1523832109,1089671869
dimwishlist:item=1738552769&perks=981914802,3796465595,3300816228,3078487919
dimwishlist:item=1738552769&perks=981914802,3796465595,3300816228,1089671869
dimwishlist:item=1738552769&perks=981914802,3796465595,1523832109,3078487919
dimwishlist:item=1738552769&perks=981914802,3796465595,1523832109,1089671869
dimwishlist:item=1738552769&perks=981914802,2985827016,3300816228,3078487919
dimwishlist:item=1738552769&perks=981914802,2985827016,3300816228,1089671869
dimwishlist:item=1738552769&perks=981914802,2985827016,1523832109,3078487919
dimwishlist:item=1738552769&perks=981914802,2985827016,1523832109,1089671869
dimwishlist:item=1738552769&perks=1441682018,2822142346,3300816228,3078487919
dimwishlist:item=1738552769&perks=1441682018,2822142346,3300816228,1089671869
dimwishlist:item=1738552769&perks=1441682018,2822142346,1523832109,3078487919
dimwishlist:item=1738552769&perks=1441682018,2822142346,1523832109,1089671869
dimwishlist:item=1738552769&perks=1441682018,3796465595,3300816228,3078487919
dimwishlist:item=1738552769&perks=1441682018,3796465595,3300816228,1089671869
dimwishlist:item=1738552769&perks=1441682018,3796465595,1523832109,3078487919
dimwishlist:item=1738552769&perks=1441682018,3796465595,1523832109,1089671869
dimwishlist:item=1738552769&perks=1441682018,2985827016,3300816228,3078487919
dimwishlist:item=1738552769&perks=1441682018,2985827016,3300816228,1089671869
dimwishlist:item=1738552769&perks=1441682018,2985827016,1523832109,3078487919
dimwishlist:item=1738552769&perks=1441682018,2985827016,1523832109,1089671869
dimwishlist:item=1738552769&perks=3525010810,2822142346,3300816228,3078487919
dimwishlist:item=1738552769&perks=3525010810,2822142346,3300816228,1089671869
dimwishlist:item=1738552769&perks=3525010810,2822142346,1523832109,3078487919
dimwishlist:item=1738552769&perks=3525010810,2822142346,1523832109,1089671869
dimwishlist:item=1738552769&perks=3525010810,3796465595,3300816228,3078487919
dimwishlist:item=1738552769&perks=3525010810,3796465595,3300816228,1089671869
dimwishlist:item=1738552769&perks=3525010810,3796465595,1523832109,3078487919
dimwishlist:item=1738552769&perks=3525010810,3796465595,1523832109,1089671869
dimwishlist:item=1738552769&perks=3525010810,2985827016,3300816228,3078487919
dimwishlist:item=1738552769&perks=3525010810,2985827016,3300816228,1089671869
dimwishlist:item=1738552769&perks=3525010810,2985827016,1523832109,3078487919
dimwishlist:item=1738552769&perks=3525010810,2985827016,1523832109,1089671869
dimwishlist:item=1738552769&perks=3798852852,2822142346,3300816228,3078487919
dimwishlist:item=1738552769&perks=3798852852,2822142346,3300816228,1089671869
dimwishlist:item=1738552769&perks=3798852852,2822142346,1523832109,3078487919
dimwishlist:item=1738552769&perks=3798852852,2822142346,1523832109,1089671869
dimwishlist:item=1738552769&perks=3798852852,3796465595,3300816228,3078487919
dimwishlist:item=1738552769&perks=3798852852,3796465595,3300816228,1089671869
dimwishlist:item=1738552769&perks=3798852852,3796465595,1523832109,3078487919
dimwishlist:item=1738552769&perks=3798852852,3796465595,1523832109,1089671869
dimwishlist:item=1738552769&perks=3798852852,2985827016,3300816228,3078487919
dimwishlist:item=1738552769&perks=3798852852,2985827016,3300816228,1089671869
dimwishlist:item=1738552769&perks=3798852852,2985827016,1523832109,3078487919
dimwishlist:item=1738552769&perks=3798852852,2985827016,1523832109,1089671869


// Vouchsafe - 允诺 (pve)
//notes: tags:pve
dimwishlist:item=3218302023&perks=839105230,1087426260,3700496672,1134488199
dimwishlist:item=3218302023&perks=839105230,1087426260,3700496672,3038247973
dimwishlist:item=3218302023&perks=839105230,1087426260,3700496672,2048641572
dimwishlist:item=3218302023&perks=839105230,1087426260,776531651,1134488199
dimwishlist:item=3218302023&perks=839105230,1087426260,776531651,3038247973
dimwishlist:item=3218302023&perks=839105230,1087426260,776531651,2048641572
dimwishlist:item=3218302023&perks=839105230,106909392,3700496672,1134488199
dimwishlist:item=3218302023&perks=839105230,106909392,3700496672,3038247973
dimwishlist:item=3218302023&perks=839105230,106909392,3700496672,2048641572
dimwishlist:item=3218302023&perks=839105230,106909392,776531651,1134488199
dimwishlist:item=3218302023&perks=839105230,106909392,776531651,3038247973
dimwishlist:item=3218302023&perks=839105230,106909392,776531651,2048641572
dimwishlist:item=3218302023&perks=839105230,3230963543,3700496672,1134488199
dimwishlist:item=3218302023&perks=839105230,3230963543,3700496672,3038247973
dimwishlist:item=3218302023&perks=839105230,3230963543,3700496672,2048641572
dimwishlist:item=3218302023&perks=839105230,3230963543,776531651,1134488199
dimwishlist:item=3218302023&perks=839105230,3230963543,776531651,3038247973
dimwishlist:item=3218302023&perks=839105230,3230963543,776531651,2048641572
dimwishlist:item=3218302023&perks=839105230,1885400500,3700496672,1134488199
dimwishlist:item=3218302023&perks=839105230,1885400500,3700496672,3038247973
dimwishlist:item=3218302023&perks=839105230,1885400500,3700496672,2048641572
dimwishlist:item=3218302023&perks=839105230,1885400500,776531651,1134488199
dimwishlist:item=3218302023&perks=839105230,1885400500,776531651,3038247973
dimwishlist:item=3218302023&perks=839105230,1885400500,776531651,2048641572
dimwishlist:item=3218302023&perks=4090651448,1087426260,3700496672,1134488199
dimwishlist:item=3218302023&perks=4090651448,1087426260,3700496672,3038247973
dimwishlist:item=3218302023&perks=4090651448,1087426260,3700496672,2048641572
dimwishlist:item=3218302023&perks=4090651448,1087426260,776531651,1134488199
dimwishlist:item=3218302023&perks=4090651448,1087426260,776531651,3038247973
dimwishlist:item=3218302023&perks=4090651448,1087426260,776531651,2048641572
dimwishlist:item=3218302023&perks=4090651448,106909392,3700496672,1134488199
dimwishlist:item=3218302023&perks=4090651448,106909392,3700496672,3038247973
dimwishlist:item=3218302023&perks=4090651448,106909392,3700496672,2048641572
dimwishlist:item=3218302023&perks=4090651448,106909392,776531651,1134488199
dimwishlist:item=3218302023&perks=4090651448,106909392,776531651,3038247973
dimwishlist:item=3218302023&perks=4090651448,106909392,776531651,2048641572
dimwishlist:item=3218302023&perks=4090651448,3230963543,3700496672,1134488199
dimwishlist:item=3218302023&perks=4090651448,3230963543,3700496672,3038247973
dimwishlist:item=3218302023&perks=4090651448,3230963543,3700496672,2048641572
dimwishlist:item=3218302023&perks=4090651448,3230963543,776531651,1134488199
dimwishlist:item=3218302023&perks=4090651448,3230963543,776531651,3038247973
dimwishlist:item=3218302023&perks=4090651448,3230963543,776531651,2048641572
dimwishlist:item=3218302023&perks=4090651448,1885400500,3700496672,1134488199
dimwishlist:item=3218302023&perks=4090651448,1885400500,3700496672,3038247973
dimwishlist:item=3218302023&perks=4090651448,1885400500,3700496672,2048641572
dimwishlist:item=3218302023&perks=4090651448,1885400500,776531651,1134488199
dimwishlist:item=3218302023&perks=4090651448,1885400500,776531651,3038247973
dimwishlist:item=3218302023&perks=4090651448,1885400500,776531651,2048641572
dimwishlist:item=3218302023&perks=1840239774,1087426260,3700496672,1134488199
dimwishlist:item=3218302023&perks=1840239774,1087426260,3700496672,3038247973
dimwishlist:item=3218302023&perks=1840239774,1087426260,3700496672,2048641572
dimwishlist:item=3218302023&perks=1840239774,1087426260,776531651,1134488199
dimwishlist:item=3218302023&perks=1840239774,1087426260,776531651,3038247973
dimwishlist:item=3218302023&perks=1840239774,1087426260,776531651,2048641572
dimwishlist:item=3218302023&perks=1840239774,106909392,3700496672,1134488199
dimwishlist:item=3218302023&perks=1840239774,106909392,3700496672,3038247973
dimwishlist:item=3218302023&perks=1840239774,106909392,3700496672,2048641572
dimwishlist:item=3218302023&perks=1840239774,106909392,776531651,1134488199
dimwishlist:item=3218302023&perks=1840239774,106909392,776531651,3038247973
dimwishlist:item=3218302023&perks=1840239774,106909392,776531651,2048641572
dimwishlist:item=3218302023&perks=1840239774,3230963543,3700496672,1134488199
dimwishlist:item=3218302023&perks=1840239774,3230963543,3700496672,3038247973
dimwishlist:item=3218302023&perks=1840239774,3230963543,3700496672,2048641572
dimwishlist:item=3218302023&perks=1840239774,3230963543,776531651,1134488199
dimwishlist:item=3218302023&perks=1840239774,3230963543,776531651,3038247973
dimwishlist:item=3218302023&perks=1840239774,3230963543,776531651,2048641572
dimwishlist:item=3218302023&perks=1840239774,1885400500,3700496672,1134488199
dimwishlist:item=3218302023&perks=1840239774,1885400500,3700496672,3038247973
dimwishlist:item=3218302023&perks=1840239774,1885400500,3700496672,2048641572
dimwishlist:item=3218302023&perks=1840239774,1885400500,776531651,1134488199
dimwishlist:item=3218302023&perks=1840239774,1885400500,776531651,3038247973
dimwishlist:item=3218302023&perks=1840239774,1885400500,776531651,2048641572


// Retold Tale - 朝花夕拾 ()
//notes: 不建议pve用，多得是更好的，留pvp的就行
dimwishlist:item=3442151842&perks=1300023272,791862061,3161816588,1194056669
dimwishlist:item=3442151842&perks=1300023272,791862061,3161816588,2679249093
dimwishlist:item=3442151842&perks=1300023272,791862061,3161816588,2048641572
dimwishlist:item=3442151842&perks=1300023272,791862061,3161816588,1134488199
dimwishlist:item=3442151842&perks=1300023272,791862061,4071163871,1194056669
dimwishlist:item=3442151842&perks=1300023272,791862061,4071163871,2679249093
dimwishlist:item=3442151842&perks=1300023272,791862061,4071163871,2048641572
dimwishlist:item=3442151842&perks=1300023272,791862061,4071163871,1134488199
dimwishlist:item=3442151842&perks=1300023272,791862061,706527188,1194056669
dimwishlist:item=3442151842&perks=1300023272,791862061,706527188,2679249093
dimwishlist:item=3442151842&perks=1300023272,791862061,706527188,2048641572
dimwishlist:item=3442151842&perks=1300023272,791862061,706527188,1134488199
dimwishlist:item=3442151842&perks=1300023272,791862061,776531651,1194056669
dimwishlist:item=3442151842&perks=1300023272,791862061,776531651,2679249093
dimwishlist:item=3442151842&perks=1300023272,791862061,776531651,2048641572
dimwishlist:item=3442151842&perks=1300023272,791862061,776531651,1134488199
dimwishlist:item=3442151842&perks=1300023272,106909392,3161816588,1194056669
dimwishlist:item=3442151842&perks=1300023272,106909392,3161816588,2679249093
dimwishlist:item=3442151842&perks=1300023272,106909392,3161816588,2048641572
dimwishlist:item=3442151842&perks=1300023272,106909392,3161816588,1134488199
dimwishlist:item=3442151842&perks=1300023272,106909392,4071163871,1194056669
dimwishlist:item=3442151842&perks=1300023272,106909392,4071163871,2679249093
dimwishlist:item=3442151842&perks=1300023272,106909392,4071163871,2048641572
dimwishlist:item=3442151842&perks=1300023272,106909392,4071163871,1134488199
dimwishlist:item=3442151842&perks=1300023272,106909392,706527188,1194056669
dimwishlist:item=3442151842&perks=1300023272,106909392,706527188,2679249093
dimwishlist:item=3442151842&perks=1300023272,106909392,706527188,2048641572
dimwishlist:item=3442151842&perks=1300023272,106909392,706527188,1134488199
dimwishlist:item=3442151842&perks=1300023272,106909392,776531651,1194056669
dimwishlist:item=3442151842&perks=1300023272,106909392,776531651,2679249093
dimwishlist:item=3442151842&perks=1300023272,106909392,776531651,2048641572
dimwishlist:item=3442151842&perks=1300023272,106909392,776531651,1134488199
dimwishlist:item=3442151842&perks=4090651448,791862061,3161816588,1194056669
dimwishlist:item=3442151842&perks=4090651448,791862061,3161816588,2679249093
dimwishlist:item=3442151842&perks=4090651448,791862061,3161816588,2048641572
dimwishlist:item=3442151842&perks=4090651448,791862061,3161816588,1134488199
dimwishlist:item=3442151842&perks=4090651448,791862061,4071163871,1194056669
dimwishlist:item=3442151842&perks=4090651448,791862061,4071163871,2679249093
dimwishlist:item=3442151842&perks=4090651448,791862061,4071163871,2048641572
dimwishlist:item=3442151842&perks=4090651448,791862061,4071163871,1134488199
dimwishlist:item=3442151842&perks=4090651448,791862061,706527188,1194056669
dimwishlist:item=3442151842&perks=4090651448,791862061,706527188,2679249093
dimwishlist:item=3442151842&perks=4090651448,791862061,706527188,2048641572
dimwishlist:item=3442151842&perks=4090651448,791862061,706527188,1134488199
dimwishlist:item=3442151842&perks=4090651448,791862061,776531651,1194056669
dimwishlist:item=3442151842&perks=4090651448,791862061,776531651,2679249093
dimwishlist:item=3442151842&perks=4090651448,791862061,776531651,2048641572
dimwishlist:item=3442151842&perks=4090651448,791862061,776531651,1134488199
dimwishlist:item=3442151842&perks=4090651448,106909392,3161816588,1194056669
dimwishlist:item=3442151842&perks=4090651448,106909392,3161816588,2679249093
dimwishlist:item=3442151842&perks=4090651448,106909392,3161816588,2048641572
dimwishlist:item=3442151842&perks=4090651448,106909392,3161816588,1134488199
dimwishlist:item=3442151842&perks=4090651448,106909392,4071163871,1194056669
dimwishlist:item=3442151842&perks=4090651448,106909392,4071163871,2679249093
dimwishlist:item=3442151842&perks=4090651448,106909392,4071163871,2048641572
dimwishlist:item=3442151842&perks=4090651448,106909392,4071163871,1134488199
dimwishlist:item=3442151842&perks=4090651448,106909392,706527188,1194056669
dimwishlist:item=3442151842&perks=4090651448,106909392,706527188,2679249093
dimwishlist:item=3442151842&perks=4090651448,106909392,706527188,2048641572
dimwishlist:item=3442151842&perks=4090651448,106909392,706527188,1134488199
dimwishlist:item=3442151842&perks=4090651448,106909392,776531651,1194056669
dimwishlist:item=3442151842&perks=4090651448,106909392,776531651,2679249093
dimwishlist:item=3442151842&perks=4090651448,106909392,776531651,2048641572
dimwishlist:item=3442151842&perks=4090651448,106909392,776531651,1134488199
dimwishlist:item=3442151842&perks=1047830412,791862061,3161816588,1194056669
dimwishlist:item=3442151842&perks=1047830412,791862061,3161816588,2679249093
dimwishlist:item=3442151842&perks=1047830412,791862061,3161816588,2048641572
dimwishlist:item=3442151842&perks=1047830412,791862061,3161816588,1134488199
dimwishlist:item=3442151842&perks=1047830412,791862061,4071163871,1194056669
dimwishlist:item=3442151842&perks=1047830412,791862061,4071163871,2679249093
dimwishlist:item=3442151842&perks=1047830412,791862061,4071163871,2048641572
dimwishlist:item=3442151842&perks=1047830412,791862061,4071163871,1134488199
dimwishlist:item=3442151842&perks=1047830412,791862061,706527188,1194056669
dimwishlist:item=3442151842&perks=1047830412,791862061,706527188,2679249093
dimwishlist:item=3442151842&perks=1047830412,791862061,706527188,2048641572
dimwishlist:item=3442151842&perks=1047830412,791862061,706527188,1134488199
dimwishlist:item=3442151842&perks=1047830412,791862061,776531651,1194056669
dimwishlist:item=3442151842&perks=1047830412,791862061,776531651,2679249093
dimwishlist:item=3442151842&perks=1047830412,791862061,776531651,2048641572
dimwishlist:item=3442151842&perks=1047830412,791862061,776531651,1134488199
dimwishlist:item=3442151842&perks=1047830412,106909392,3161816588,1194056669
dimwishlist:item=3442151842&perks=1047830412,106909392,3161816588,2679249093
dimwishlist:item=3442151842&perks=1047830412,106909392,3161816588,2048641572
dimwishlist:item=3442151842&perks=1047830412,106909392,3161816588,1134488199
dimwishlist:item=3442151842&perks=1047830412,106909392,4071163871,1194056669
dimwishlist:item=3442151842&perks=1047830412,106909392,4071163871,2679249093
dimwishlist:item=3442151842&perks=1047830412,106909392,4071163871,2048641572
dimwishlist:item=3442151842&perks=1047830412,106909392,4071163871,1134488199
dimwishlist:item=3442151842&perks=1047830412,106909392,706527188,1194056669
dimwishlist:item=3442151842&perks=1047830412,106909392,706527188,2679249093
dimwishlist:item=3442151842&perks=1047830412,106909392,706527188,2048641572
dimwishlist:item=3442151842&perks=1047830412,106909392,706527188,1134488199
dimwishlist:item=3442151842&perks=1047830412,106909392,776531651,1194056669
dimwishlist:item=3442151842&perks=1047830412,106909392,776531651,2679249093
dimwishlist:item=3442151842&perks=1047830412,106909392,776531651,2048641572
dimwishlist:item=3442151842&perks=1047830412,106909392,776531651,1134488199
dimwishlist:item=3442151842&perks=1482024992,791862061,3161816588,1194056669
dimwishlist:item=3442151842&perks=1482024992,791862061,3161816588,2679249093
dimwishlist:item=3442151842&perks=1482024992,791862061,3161816588,2048641572
dimwishlist:item=3442151842&perks=1482024992,791862061,3161816588,1134488199
dimwishlist:item=3442151842&perks=1482024992,791862061,4071163871,1194056669
dimwishlist:item=3442151842&perks=1482024992,791862061,4071163871,2679249093
dimwishlist:item=3442151842&perks=1482024992,791862061,4071163871,2048641572
dimwishlist:item=3442151842&perks=1482024992,791862061,4071163871,1134488199
dimwishlist:item=3442151842&perks=1482024992,791862061,706527188,1194056669
dimwishlist:item=3442151842&perks=1482024992,791862061,706527188,2679249093
dimwishlist:item=3442151842&perks=1482024992,791862061,706527188,2048641572
dimwishlist:item=3442151842&perks=1482024992,791862061,706527188,1134488199
dimwishlist:item=3442151842&perks=1482024992,791862061,776531651,1194056669
dimwishlist:item=3442151842&perks=1482024992,791862061,776531651,2679249093
dimwishlist:item=3442151842&perks=1482024992,791862061,776531651,2048641572
dimwishlist:item=3442151842&perks=1482024992,791862061,776531651,1134488199
dimwishlist:item=3442151842&perks=1482024992,106909392,3161816588,1194056669
dimwishlist:item=3442151842&perks=1482024992,106909392,3161816588,2679249093
dimwishlist:item=3442151842&perks=1482024992,106909392,3161816588,2048641572
dimwishlist:item=3442151842&perks=1482024992,106909392,3161816588,1134488199
dimwishlist:item=3442151842&perks=1482024992,106909392,4071163871,1194056669
dimwishlist:item=3442151842&perks=1482024992,106909392,4071163871,2679249093
dimwishlist:item=3442151842&perks=1482024992,106909392,4071163871,2048641572
dimwishlist:item=3442151842&perks=1482024992,106909392,4071163871,1134488199
dimwishlist:item=3442151842&perks=1482024992,106909392,706527188,1194056669
dimwishlist:item=3442151842&perks=1482024992,106909392,706527188,2679249093
dimwishlist:item=3442151842&perks=1482024992,106909392,706527188,2048641572
dimwishlist:item=3442151842&perks=1482024992,106909392,706527188,1134488199
dimwishlist:item=3442151842&perks=1482024992,106909392,776531651,1194056669
dimwishlist:item=3442151842&perks=1482024992,106909392,776531651,2679249093
dimwishlist:item=3442151842&perks=1482024992,106909392,776531651,2048641572
dimwishlist:item=3442151842&perks=1482024992,106909392,776531651,1134488199


