title:目的地-王座世界-泉源
description:凯旋纪念碑

// Pointed Inquiry - 精确调查 (pve)
//notes: 很垃的枪 tags:pve
dimwishlist:item=297296830&perks=839105230,3230963543,3700496672,1464081238
dimwishlist:item=297296830&perks=839105230,3230963543,3700496672,555281244
dimwishlist:item=297296830&perks=839105230,106909392,3700496672,1464081238
dimwishlist:item=297296830&perks=839105230,106909392,3700496672,555281244
dimwishlist:item=297296830&perks=1840239774,3230963543,3700496672,1464081238
dimwishlist:item=297296830&perks=1840239774,3230963543,3700496672,555281244
dimwishlist:item=297296830&perks=1840239774,106909392,3700496672,1464081238
dimwishlist:item=297296830&perks=1840239774,106909392,3700496672,555281244
dimwishlist:item=297296830&perks=4090651448,3230963543,3700496672,1464081238
dimwishlist:item=297296830&perks=4090651448,3230963543,3700496672,555281244
dimwishlist:item=297296830&perks=4090651448,106909392,3700496672,1464081238
dimwishlist:item=297296830&perks=4090651448,106909392,3700496672,555281244


// Come to Pass - 实现 (pve)
//notes: tags:pve
dimwishlist:item=927567426&perks=839105230,106909392,1511100135,3966416502
dimwishlist:item=927567426&perks=839105230,106909392,1511100135,3218042543
dimwishlist:item=927567426&perks=839105230,106909392,1115162408,3966416502
dimwishlist:item=927567426&perks=839105230,106909392,1115162408,3218042543
dimwishlist:item=927567426&perks=839105230,106909392,3700496672,3966416502
dimwishlist:item=927567426&perks=839105230,106909392,3700496672,3218042543
dimwishlist:item=927567426&perks=839105230,3230963543,1511100135,3966416502
dimwishlist:item=927567426&perks=839105230,3230963543,1511100135,3218042543
dimwishlist:item=927567426&perks=839105230,3230963543,1115162408,3966416502
dimwishlist:item=927567426&perks=839105230,3230963543,1115162408,3218042543
dimwishlist:item=927567426&perks=839105230,3230963543,3700496672,3966416502
dimwishlist:item=927567426&perks=839105230,3230963543,3700496672,3218042543
dimwishlist:item=927567426&perks=1840239774,106909392,1511100135,3966416502
dimwishlist:item=927567426&perks=1840239774,106909392,1511100135,3218042543
dimwishlist:item=927567426&perks=1840239774,106909392,1115162408,3966416502
dimwishlist:item=927567426&perks=1840239774,106909392,1115162408,3218042543
dimwishlist:item=927567426&perks=1840239774,106909392,3700496672,3966416502
dimwishlist:item=927567426&perks=1840239774,106909392,3700496672,3218042543
dimwishlist:item=927567426&perks=1840239774,3230963543,1511100135,3966416502
dimwishlist:item=927567426&perks=1840239774,3230963543,1511100135,3218042543
dimwishlist:item=927567426&perks=1840239774,3230963543,1115162408,3966416502
dimwishlist:item=927567426&perks=1840239774,3230963543,1115162408,3218042543
dimwishlist:item=927567426&perks=1840239774,3230963543,3700496672,3966416502
dimwishlist:item=927567426&perks=1840239774,3230963543,3700496672,3218042543
dimwishlist:item=927567426&perks=4090651448,106909392,1511100135,3966416502
dimwishlist:item=927567426&perks=4090651448,106909392,1511100135,3218042543
dimwishlist:item=927567426&perks=4090651448,106909392,1115162408,3966416502
dimwishlist:item=927567426&perks=4090651448,106909392,1115162408,3218042543
dimwishlist:item=927567426&perks=4090651448,106909392,3700496672,3966416502
dimwishlist:item=927567426&perks=4090651448,106909392,3700496672,3218042543
dimwishlist:item=927567426&perks=4090651448,3230963543,1511100135,3966416502
dimwishlist:item=927567426&perks=4090651448,3230963543,1511100135,3218042543
dimwishlist:item=927567426&perks=4090651448,3230963543,1115162408,3966416502
dimwishlist:item=927567426&perks=4090651448,3230963543,1115162408,3218042543
dimwishlist:item=927567426&perks=4090651448,3230963543,3700496672,3966416502
dimwishlist:item=927567426&perks=4090651448,3230963543,3700496672,3218042543


// Forensic Nightmare - 鉴定梦魇 (pve)
//notes: tags:pve
dimwishlist:item=1526296434&perks=839105230,106909392,243981275,124408337
dimwishlist:item=1526296434&perks=839105230,3230963543,243981275,124408337
dimwishlist:item=1526296434&perks=1840239774,106909392,243981275,124408337
dimwishlist:item=1526296434&perks=1840239774,3230963543,243981275,124408337
dimwishlist:item=1526296434&perks=4090651448,106909392,243981275,124408337
dimwishlist:item=1526296434&perks=4090651448,3230963543,243981275,124408337


// Likely Suspect - 可疑对象 (pve)
//notes: 新加了点虚空分支perk，可以拿来清怪 tags:pve
dimwishlist:item=1994645182&perks=839105230,2680121939,776531651,2048641572
dimwishlist:item=1994645182&perks=839105230,2680121939,3182497402,2048641572
dimwishlist:item=1994645182&perks=839105230,689005463,776531651,2048641572
dimwishlist:item=1994645182&perks=839105230,689005463,3182497402,2048641572
dimwishlist:item=1994645182&perks=839105230,3868766766,776531651,2048641572
dimwishlist:item=1994645182&perks=839105230,3868766766,3182497402,2048641572
dimwishlist:item=1994645182&perks=1840239774,2680121939,776531651,2048641572
dimwishlist:item=1994645182&perks=1840239774,2680121939,3182497402,2048641572
dimwishlist:item=1994645182&perks=1840239774,689005463,776531651,2048641572
dimwishlist:item=1994645182&perks=1840239774,689005463,3182497402,2048641572
dimwishlist:item=1994645182&perks=1840239774,3868766766,776531651,2048641572
dimwishlist:item=1994645182&perks=1840239774,3868766766,3182497402,2048641572
dimwishlist:item=1994645182&perks=4090651448,2680121939,776531651,2048641572
dimwishlist:item=1994645182&perks=4090651448,2680121939,3182497402,2048641572
dimwishlist:item=1994645182&perks=4090651448,689005463,776531651,2048641572
dimwishlist:item=1994645182&perks=4090651448,689005463,3182497402,2048641572
dimwishlist:item=1994645182&perks=4090651448,3868766766,776531651,2048641572
dimwishlist:item=1994645182&perks=4090651448,3868766766,3182497402,2048641572


// Empirical Evidence - 经验证据 (pve)
//notes: tags:pve
dimwishlist:item=2607304614&perks=839105230,3230963543,3828510309,3891536761
dimwishlist:item=2607304614&perks=839105230,3230963543,3828510309,4104185692
dimwishlist:item=2607304614&perks=839105230,106909392,3828510309,3891536761
dimwishlist:item=2607304614&perks=839105230,106909392,3828510309,4104185692
dimwishlist:item=2607304614&perks=1840239774,3230963543,3828510309,3891536761
dimwishlist:item=2607304614&perks=1840239774,3230963543,3828510309,4104185692
dimwishlist:item=2607304614&perks=1840239774,106909392,3828510309,3891536761
dimwishlist:item=2607304614&perks=1840239774,106909392,3828510309,4104185692
dimwishlist:item=2607304614&perks=4090651448,3230963543,3828510309,3891536761
dimwishlist:item=2607304614&perks=4090651448,3230963543,3828510309,4104185692
dimwishlist:item=2607304614&perks=4090651448,106909392,3828510309,3891536761
dimwishlist:item=2607304614&perks=4090651448,106909392,3828510309,4104185692


// Tarnation - 咒骂 (god-pve)
//notes: 短轴爆发，建议造一把。总算是有能拿得出手的清怪perk了，带微型+备弹模组叠满嫉妒刺客单弹匣22发，配诱导推销短轴按住即可大爆输出 tags:god-pve
dimwishlist:item=2721157927&perks=1478423395,3301904089,2284787283,3078487919
dimwishlist:item=2721157927&perks=1478423395,3301904089,2284787283,3194351027
dimwishlist:item=2721157927&perks=1478423395,3301904089,968510818,3078487919
dimwishlist:item=2721157927&perks=1478423395,3301904089,968510818,3194351027
dimwishlist:item=2721157927&perks=1478423395,409831596,2284787283,3078487919
dimwishlist:item=2721157927&perks=1478423395,409831596,2284787283,3194351027
dimwishlist:item=2721157927&perks=1478423395,409831596,968510818,3078487919
dimwishlist:item=2721157927&perks=1478423395,409831596,968510818,3194351027
dimwishlist:item=2721157927&perks=1478423395,2985827016,2284787283,3078487919
dimwishlist:item=2721157927&perks=1478423395,2985827016,2284787283,3194351027
dimwishlist:item=2721157927&perks=1478423395,2985827016,968510818,3078487919
dimwishlist:item=2721157927&perks=1478423395,2985827016,968510818,3194351027
dimwishlist:item=2721157927&perks=1478423395,2822142346,2284787283,3078487919
dimwishlist:item=2721157927&perks=1478423395,2822142346,2284787283,3194351027
dimwishlist:item=2721157927&perks=1478423395,2822142346,968510818,3078487919
dimwishlist:item=2721157927&perks=1478423395,2822142346,968510818,3194351027
dimwishlist:item=2721157927&perks=1844523823,3301904089,2284787283,3078487919
dimwishlist:item=2721157927&perks=1844523823,3301904089,2284787283,3194351027
dimwishlist:item=2721157927&perks=1844523823,3301904089,968510818,3078487919
dimwishlist:item=2721157927&perks=1844523823,3301904089,968510818,3194351027
dimwishlist:item=2721157927&perks=1844523823,409831596,2284787283,3078487919
dimwishlist:item=2721157927&perks=1844523823,409831596,2284787283,3194351027
dimwishlist:item=2721157927&perks=1844523823,409831596,968510818,3078487919
dimwishlist:item=2721157927&perks=1844523823,409831596,968510818,3194351027
dimwishlist:item=2721157927&perks=1844523823,2985827016,2284787283,3078487919
dimwishlist:item=2721157927&perks=1844523823,2985827016,2284787283,3194351027
dimwishlist:item=2721157927&perks=1844523823,2985827016,968510818,3078487919
dimwishlist:item=2721157927&perks=1844523823,2985827016,968510818,3194351027
dimwishlist:item=2721157927&perks=1844523823,2822142346,2284787283,3078487919
dimwishlist:item=2721157927&perks=1844523823,2822142346,2284787283,3194351027
dimwishlist:item=2721157927&perks=1844523823,2822142346,968510818,3078487919
dimwishlist:item=2721157927&perks=1844523823,2822142346,968510818,3194351027
dimwishlist:item=2721157927&perks=1441682018,3301904089,2284787283,3078487919
dimwishlist:item=2721157927&perks=1441682018,3301904089,2284787283,3194351027
dimwishlist:item=2721157927&perks=1441682018,3301904089,968510818,3078487919
dimwishlist:item=2721157927&perks=1441682018,3301904089,968510818,3194351027
dimwishlist:item=2721157927&perks=1441682018,409831596,2284787283,3078487919
dimwishlist:item=2721157927&perks=1441682018,409831596,2284787283,3194351027
dimwishlist:item=2721157927&perks=1441682018,409831596,968510818,3078487919
dimwishlist:item=2721157927&perks=1441682018,409831596,968510818,3194351027
dimwishlist:item=2721157927&perks=1441682018,2985827016,2284787283,3078487919
dimwishlist:item=2721157927&perks=1441682018,2985827016,2284787283,3194351027
dimwishlist:item=2721157927&perks=1441682018,2985827016,968510818,3078487919
dimwishlist:item=2721157927&perks=1441682018,2985827016,968510818,3194351027
dimwishlist:item=2721157927&perks=1441682018,2822142346,2284787283,3078487919
dimwishlist:item=2721157927&perks=1441682018,2822142346,2284787283,3194351027
dimwishlist:item=2721157927&perks=1441682018,2822142346,968510818,3078487919
dimwishlist:item=2721157927&perks=1441682018,2822142346,968510818,3194351027
dimwishlist:item=2721157927&perks=3525010810,3301904089,2284787283,3078487919
dimwishlist:item=2721157927&perks=3525010810,3301904089,2284787283,3194351027
dimwishlist:item=2721157927&perks=3525010810,3301904089,968510818,3078487919
dimwishlist:item=2721157927&perks=3525010810,3301904089,968510818,3194351027
dimwishlist:item=2721157927&perks=3525010810,409831596,2284787283,3078487919
dimwishlist:item=2721157927&perks=3525010810,409831596,2284787283,3194351027
dimwishlist:item=2721157927&perks=3525010810,409831596,968510818,3078487919
dimwishlist:item=2721157927&perks=3525010810,409831596,968510818,3194351027
dimwishlist:item=2721157927&perks=3525010810,2985827016,2284787283,3078487919
dimwishlist:item=2721157927&perks=3525010810,2985827016,2284787283,3194351027
dimwishlist:item=2721157927&perks=3525010810,2985827016,968510818,3078487919
dimwishlist:item=2721157927&perks=3525010810,2985827016,968510818,3194351027
dimwishlist:item=2721157927&perks=3525010810,2822142346,2284787283,3078487919
dimwishlist:item=2721157927&perks=3525010810,2822142346,2284787283,3194351027
dimwishlist:item=2721157927&perks=3525010810,2822142346,968510818,3078487919
dimwishlist:item=2721157927&perks=3525010810,2822142346,968510818,3194351027
dimwishlist:item=2721157927&perks=3798852852,3301904089,2284787283,3078487919
dimwishlist:item=2721157927&perks=3798852852,3301904089,2284787283,3194351027
dimwishlist:item=2721157927&perks=3798852852,3301904089,968510818,3078487919
dimwishlist:item=2721157927&perks=3798852852,3301904089,968510818,3194351027
dimwishlist:item=2721157927&perks=3798852852,409831596,2284787283,3078487919
dimwishlist:item=2721157927&perks=3798852852,409831596,2284787283,3194351027
dimwishlist:item=2721157927&perks=3798852852,409831596,968510818,3078487919
dimwishlist:item=2721157927&perks=3798852852,409831596,968510818,3194351027
dimwishlist:item=2721157927&perks=3798852852,2985827016,2284787283,3078487919
dimwishlist:item=2721157927&perks=3798852852,2985827016,2284787283,3194351027
dimwishlist:item=2721157927&perks=3798852852,2985827016,968510818,3078487919
dimwishlist:item=2721157927&perks=3798852852,2985827016,968510818,3194351027
dimwishlist:item=2721157927&perks=3798852852,2822142346,2284787283,3078487919
dimwishlist:item=2721157927&perks=3798852852,2822142346,2284787283,3194351027
dimwishlist:item=2721157927&perks=3798852852,2822142346,968510818,3078487919
dimwishlist:item=2721157927&perks=3798852852,2822142346,968510818,3194351027


// Red Herring - 红鲱鱼 (pve)
//notes: 可造，基础型火箭筒 tags:pve
dimwishlist:item=3175851496&perks=1478423395,3796465595,1523832109,1089671869
dimwishlist:item=3175851496&perks=1478423395,3796465595,1523832109,3194351027
dimwishlist:item=3175851496&perks=1478423395,3796465595,1523832109,3927722942
dimwishlist:item=3175851496&perks=1478423395,3796465595,3977735242,1089671869
dimwishlist:item=3175851496&perks=1478423395,3796465595,3977735242,3194351027
dimwishlist:item=3175851496&perks=1478423395,3796465595,3977735242,3927722942
dimwishlist:item=3175851496&perks=1478423395,2822142346,1523832109,1089671869
dimwishlist:item=3175851496&perks=1478423395,2822142346,1523832109,3194351027
dimwishlist:item=3175851496&perks=1478423395,2822142346,1523832109,3927722942
dimwishlist:item=3175851496&perks=1478423395,2822142346,3977735242,1089671869
dimwishlist:item=3175851496&perks=1478423395,2822142346,3977735242,3194351027
dimwishlist:item=3175851496&perks=1478423395,2822142346,3977735242,3927722942
dimwishlist:item=3175851496&perks=1478423395,2985827016,1523832109,1089671869
dimwishlist:item=3175851496&perks=1478423395,2985827016,1523832109,3194351027
dimwishlist:item=3175851496&perks=1478423395,2985827016,1523832109,3927722942
dimwishlist:item=3175851496&perks=1478423395,2985827016,3977735242,1089671869
dimwishlist:item=3175851496&perks=1478423395,2985827016,3977735242,3194351027
dimwishlist:item=3175851496&perks=1478423395,2985827016,3977735242,3927722942
dimwishlist:item=3175851496&perks=1478423395,3492396210,1523832109,1089671869
dimwishlist:item=3175851496&perks=1478423395,3492396210,1523832109,3194351027
dimwishlist:item=3175851496&perks=1478423395,3492396210,1523832109,3927722942
dimwishlist:item=3175851496&perks=1478423395,3492396210,3977735242,1089671869
dimwishlist:item=3175851496&perks=1478423395,3492396210,3977735242,3194351027
dimwishlist:item=3175851496&perks=1478423395,3492396210,3977735242,3927722942
dimwishlist:item=3175851496&perks=981914802,3796465595,1523832109,1089671869
dimwishlist:item=3175851496&perks=981914802,3796465595,1523832109,3194351027
dimwishlist:item=3175851496&perks=981914802,3796465595,1523832109,3927722942
dimwishlist:item=3175851496&perks=981914802,3796465595,3977735242,1089671869
dimwishlist:item=3175851496&perks=981914802,3796465595,3977735242,3194351027
dimwishlist:item=3175851496&perks=981914802,3796465595,3977735242,3927722942
dimwishlist:item=3175851496&perks=981914802,2822142346,1523832109,1089671869
dimwishlist:item=3175851496&perks=981914802,2822142346,1523832109,3194351027
dimwishlist:item=3175851496&perks=981914802,2822142346,1523832109,3927722942
dimwishlist:item=3175851496&perks=981914802,2822142346,3977735242,1089671869
dimwishlist:item=3175851496&perks=981914802,2822142346,3977735242,3194351027
dimwishlist:item=3175851496&perks=981914802,2822142346,3977735242,3927722942
dimwishlist:item=3175851496&perks=981914802,2985827016,1523832109,1089671869
dimwishlist:item=3175851496&perks=981914802,2985827016,1523832109,3194351027
dimwishlist:item=3175851496&perks=981914802,2985827016,1523832109,3927722942
dimwishlist:item=3175851496&perks=981914802,2985827016,3977735242,1089671869
dimwishlist:item=3175851496&perks=981914802,2985827016,3977735242,3194351027
dimwishlist:item=3175851496&perks=981914802,2985827016,3977735242,3927722942
dimwishlist:item=3175851496&perks=981914802,3492396210,1523832109,1089671869
dimwishlist:item=3175851496&perks=981914802,3492396210,1523832109,3194351027
dimwishlist:item=3175851496&perks=981914802,3492396210,1523832109,3927722942
dimwishlist:item=3175851496&perks=981914802,3492396210,3977735242,1089671869
dimwishlist:item=3175851496&perks=981914802,3492396210,3977735242,3194351027
dimwishlist:item=3175851496&perks=981914802,3492396210,3977735242,3927722942
dimwishlist:item=3175851496&perks=1441682018,3796465595,1523832109,1089671869
dimwishlist:item=3175851496&perks=1441682018,3796465595,1523832109,3194351027
dimwishlist:item=3175851496&perks=1441682018,3796465595,1523832109,3927722942
dimwishlist:item=3175851496&perks=1441682018,3796465595,3977735242,1089671869
dimwishlist:item=3175851496&perks=1441682018,3796465595,3977735242,3194351027
dimwishlist:item=3175851496&perks=1441682018,3796465595,3977735242,3927722942
dimwishlist:item=3175851496&perks=1441682018,2822142346,1523832109,1089671869
dimwishlist:item=3175851496&perks=1441682018,2822142346,1523832109,3194351027
dimwishlist:item=3175851496&perks=1441682018,2822142346,1523832109,3927722942
dimwishlist:item=3175851496&perks=1441682018,2822142346,3977735242,1089671869
dimwishlist:item=3175851496&perks=1441682018,2822142346,3977735242,3194351027
dimwishlist:item=3175851496&perks=1441682018,2822142346,3977735242,3927722942
dimwishlist:item=3175851496&perks=1441682018,2985827016,1523832109,1089671869
dimwishlist:item=3175851496&perks=1441682018,2985827016,1523832109,3194351027
dimwishlist:item=3175851496&perks=1441682018,2985827016,1523832109,3927722942
dimwishlist:item=3175851496&perks=1441682018,2985827016,3977735242,1089671869
dimwishlist:item=3175851496&perks=1441682018,2985827016,3977735242,3194351027
dimwishlist:item=3175851496&perks=1441682018,2985827016,3977735242,3927722942
dimwishlist:item=3175851496&perks=1441682018,3492396210,1523832109,1089671869
dimwishlist:item=3175851496&perks=1441682018,3492396210,1523832109,3194351027
dimwishlist:item=3175851496&perks=1441682018,3492396210,1523832109,3927722942
dimwishlist:item=3175851496&perks=1441682018,3492396210,3977735242,1089671869
dimwishlist:item=3175851496&perks=1441682018,3492396210,3977735242,3194351027
dimwishlist:item=3175851496&perks=1441682018,3492396210,3977735242,3927722942
dimwishlist:item=3175851496&perks=3525010810,3796465595,1523832109,1089671869
dimwishlist:item=3175851496&perks=3525010810,3796465595,1523832109,3194351027
dimwishlist:item=3175851496&perks=3525010810,3796465595,1523832109,3927722942
dimwishlist:item=3175851496&perks=3525010810,3796465595,3977735242,1089671869
dimwishlist:item=3175851496&perks=3525010810,3796465595,3977735242,3194351027
dimwishlist:item=3175851496&perks=3525010810,3796465595,3977735242,3927722942
dimwishlist:item=3175851496&perks=3525010810,2822142346,1523832109,1089671869
dimwishlist:item=3175851496&perks=3525010810,2822142346,1523832109,3194351027
dimwishlist:item=3175851496&perks=3525010810,2822142346,1523832109,3927722942
dimwishlist:item=3175851496&perks=3525010810,2822142346,3977735242,1089671869
dimwishlist:item=3175851496&perks=3525010810,2822142346,3977735242,3194351027
dimwishlist:item=3175851496&perks=3525010810,2822142346,3977735242,3927722942
dimwishlist:item=3175851496&perks=3525010810,2985827016,1523832109,1089671869
dimwishlist:item=3175851496&perks=3525010810,2985827016,1523832109,3194351027
dimwishlist:item=3175851496&perks=3525010810,2985827016,1523832109,3927722942
dimwishlist:item=3175851496&perks=3525010810,2985827016,3977735242,1089671869
dimwishlist:item=3175851496&perks=3525010810,2985827016,3977735242,3194351027
dimwishlist:item=3175851496&perks=3525010810,2985827016,3977735242,3927722942
dimwishlist:item=3175851496&perks=3525010810,3492396210,1523832109,1089671869
dimwishlist:item=3175851496&perks=3525010810,3492396210,1523832109,3194351027
dimwishlist:item=3175851496&perks=3525010810,3492396210,1523832109,3927722942
dimwishlist:item=3175851496&perks=3525010810,3492396210,3977735242,1089671869
dimwishlist:item=3175851496&perks=3525010810,3492396210,3977735242,3194351027
dimwishlist:item=3175851496&perks=3525010810,3492396210,3977735242,3927722942
dimwishlist:item=3175851496&perks=3798852852,3796465595,1523832109,1089671869
dimwishlist:item=3175851496&perks=3798852852,3796465595,1523832109,3194351027
dimwishlist:item=3175851496&perks=3798852852,3796465595,1523832109,3927722942
dimwishlist:item=3175851496&perks=3798852852,3796465595,3977735242,1089671869
dimwishlist:item=3175851496&perks=3798852852,3796465595,3977735242,3194351027
dimwishlist:item=3175851496&perks=3798852852,3796465595,3977735242,3927722942
dimwishlist:item=3175851496&perks=3798852852,2822142346,1523832109,1089671869
dimwishlist:item=3175851496&perks=3798852852,2822142346,1523832109,3194351027
dimwishlist:item=3175851496&perks=3798852852,2822142346,1523832109,3927722942
dimwishlist:item=3175851496&perks=3798852852,2822142346,3977735242,1089671869
dimwishlist:item=3175851496&perks=3798852852,2822142346,3977735242,3194351027
dimwishlist:item=3175851496&perks=3798852852,2822142346,3977735242,3927722942
dimwishlist:item=3175851496&perks=3798852852,2985827016,1523832109,1089671869
dimwishlist:item=3175851496&perks=3798852852,2985827016,1523832109,3194351027
dimwishlist:item=3175851496&perks=3798852852,2985827016,1523832109,3927722942
dimwishlist:item=3175851496&perks=3798852852,2985827016,3977735242,1089671869
dimwishlist:item=3175851496&perks=3798852852,2985827016,3977735242,3194351027
dimwishlist:item=3175851496&perks=3798852852,2985827016,3977735242,3927722942
dimwishlist:item=3175851496&perks=3798852852,3492396210,1523832109,1089671869
dimwishlist:item=3175851496&perks=3798852852,3492396210,1523832109,3194351027
dimwishlist:item=3175851496&perks=3798852852,3492396210,1523832109,3927722942
dimwishlist:item=3175851496&perks=3798852852,3492396210,3977735242,1089671869
dimwishlist:item=3175851496&perks=3798852852,3492396210,3977735242,3194351027
dimwishlist:item=3175851496&perks=3798852852,3492396210,3977735242,3927722942


// Father's Sins - 父之罪孽 (pve)
//notes: 增加了诱导这个数值更高的增伤，总体还是和以前定位一样，作为补伤害的狙使用 tags:pve
dimwishlist:item=3865728990&perks=839105230,106909392,3400784728,3078487919
dimwishlist:item=3865728990&perks=839105230,106909392,3400784728,1134488199
dimwishlist:item=3865728990&perks=839105230,3230963543,3400784728,3078487919
dimwishlist:item=3865728990&perks=839105230,3230963543,3400784728,1134488199
dimwishlist:item=3865728990&perks=1840239774,106909392,3400784728,3078487919
dimwishlist:item=3865728990&perks=1840239774,106909392,3400784728,1134488199
dimwishlist:item=3865728990&perks=1840239774,3230963543,3400784728,3078487919
dimwishlist:item=3865728990&perks=1840239774,3230963543,3400784728,1134488199
dimwishlist:item=3865728990&perks=4090651448,106909392,3400784728,3078487919
dimwishlist:item=3865728990&perks=4090651448,106909392,3400784728,1134488199
dimwishlist:item=3865728990&perks=4090651448,3230963543,3400784728,3078487919
dimwishlist:item=3865728990&perks=4090651448,3230963543,3400784728,1134488199


