title:目的地-月球
description:凯旋纪念碑

// Arc Logic - 电弧逻辑 (pve)
//notes: tags:pve
dimwishlist:item=38064944&perks=839105230,106909392,3218042543,3966416502
dimwishlist:item=38064944&perks=839105230,106909392,3218042543,4104185692
dimwishlist:item=38064944&perks=839105230,106909392,1511100135,3966416502
dimwishlist:item=38064944&perks=839105230,106909392,1511100135,4104185692
dimwishlist:item=38064944&perks=839105230,3230963543,3218042543,3966416502
dimwishlist:item=38064944&perks=839105230,3230963543,3218042543,4104185692
dimwishlist:item=38064944&perks=839105230,3230963543,1511100135,3966416502
dimwishlist:item=38064944&perks=839105230,3230963543,1511100135,4104185692
dimwishlist:item=38064944&perks=839105230,1087426260,3218042543,3966416502
dimwishlist:item=38064944&perks=839105230,1087426260,3218042543,4104185692
dimwishlist:item=38064944&perks=839105230,1087426260,1511100135,3966416502
dimwishlist:item=38064944&perks=839105230,1087426260,1511100135,4104185692
dimwishlist:item=38064944&perks=4090651448,106909392,3218042543,3966416502
dimwishlist:item=38064944&perks=4090651448,106909392,3218042543,4104185692
dimwishlist:item=38064944&perks=4090651448,106909392,1511100135,3966416502
dimwishlist:item=38064944&perks=4090651448,106909392,1511100135,4104185692
dimwishlist:item=38064944&perks=4090651448,3230963543,3218042543,3966416502
dimwishlist:item=38064944&perks=4090651448,3230963543,3218042543,4104185692
dimwishlist:item=38064944&perks=4090651448,3230963543,1511100135,3966416502
dimwishlist:item=38064944&perks=4090651448,3230963543,1511100135,4104185692
dimwishlist:item=38064944&perks=4090651448,1087426260,3218042543,3966416502
dimwishlist:item=38064944&perks=4090651448,1087426260,3218042543,4104185692
dimwishlist:item=38064944&perks=4090651448,1087426260,1511100135,3966416502
dimwishlist:item=38064944&perks=4090651448,1087426260,1511100135,4104185692
dimwishlist:item=38064944&perks=1840239774,106909392,3218042543,3966416502
dimwishlist:item=38064944&perks=1840239774,106909392,3218042543,4104185692
dimwishlist:item=38064944&perks=1840239774,106909392,1511100135,3966416502
dimwishlist:item=38064944&perks=1840239774,106909392,1511100135,4104185692
dimwishlist:item=38064944&perks=1840239774,3230963543,3218042543,3966416502
dimwishlist:item=38064944&perks=1840239774,3230963543,3218042543,4104185692
dimwishlist:item=38064944&perks=1840239774,3230963543,1511100135,3966416502
dimwishlist:item=38064944&perks=1840239774,3230963543,1511100135,4104185692
dimwishlist:item=38064944&perks=1840239774,1087426260,3218042543,3966416502
dimwishlist:item=38064944&perks=1840239774,1087426260,3218042543,4104185692
dimwishlist:item=38064944&perks=1840239774,1087426260,1511100135,3966416502
dimwishlist:item=38064944&perks=1840239774,1087426260,1511100135,4104185692
dimwishlist:item=38064944&perks=1392496348,106909392,3218042543,3966416502
dimwishlist:item=38064944&perks=1392496348,106909392,3218042543,4104185692
dimwishlist:item=38064944&perks=1392496348,106909392,1511100135,3966416502
dimwishlist:item=38064944&perks=1392496348,106909392,1511100135,4104185692
dimwishlist:item=38064944&perks=1392496348,3230963543,3218042543,3966416502
dimwishlist:item=38064944&perks=1392496348,3230963543,3218042543,4104185692
dimwishlist:item=38064944&perks=1392496348,3230963543,1511100135,3966416502
dimwishlist:item=38064944&perks=1392496348,3230963543,1511100135,4104185692
dimwishlist:item=38064944&perks=1392496348,1087426260,3218042543,3966416502
dimwishlist:item=38064944&perks=1392496348,1087426260,3218042543,4104185692
dimwishlist:item=38064944&perks=1392496348,1087426260,1511100135,3966416502
dimwishlist:item=38064944&perks=1392496348,1087426260,1511100135,4104185692


// Dream Breaker - 碎梦者 (pve)
//notes: tags:pve
dimwishlist:item=219610523&perks=839105230,689005463,1523832109,2594592626
dimwishlist:item=219610523&perks=839105230,2680121939,1523832109,2594592626
dimwishlist:item=219610523&perks=4090651448,689005463,1523832109,2594592626
dimwishlist:item=219610523&perks=4090651448,2680121939,1523832109,2594592626
dimwishlist:item=219610523&perks=1840239774,689005463,1523832109,2594592626
dimwishlist:item=219610523&perks=1840239774,2680121939,1523832109,2594592626


// Tranquility - 宁静 (pve)
//notes: tags:pve
dimwishlist:item=846241148&perks=839105230,106909392,3418782618,3201496230
dimwishlist:item=846241148&perks=839105230,106909392,3418782618,3891536761
dimwishlist:item=846241148&perks=839105230,106909392,3418782618,1089671869
dimwishlist:item=846241148&perks=839105230,1087426260,3418782618,3201496230
dimwishlist:item=846241148&perks=839105230,1087426260,3418782618,3891536761
dimwishlist:item=846241148&perks=839105230,1087426260,3418782618,1089671869
dimwishlist:item=846241148&perks=839105230,3230963543,3418782618,3201496230
dimwishlist:item=846241148&perks=839105230,3230963543,3418782618,3891536761
dimwishlist:item=846241148&perks=839105230,3230963543,3418782618,1089671869
dimwishlist:item=846241148&perks=4090651448,106909392,3418782618,3201496230
dimwishlist:item=846241148&perks=4090651448,106909392,3418782618,3891536761
dimwishlist:item=846241148&perks=4090651448,106909392,3418782618,1089671869
dimwishlist:item=846241148&perks=4090651448,1087426260,3418782618,3201496230
dimwishlist:item=846241148&perks=4090651448,1087426260,3418782618,3891536761
dimwishlist:item=846241148&perks=4090651448,1087426260,3418782618,1089671869
dimwishlist:item=846241148&perks=4090651448,3230963543,3418782618,3201496230
dimwishlist:item=846241148&perks=4090651448,3230963543,3418782618,3891536761
dimwishlist:item=846241148&perks=4090651448,3230963543,3418782618,1089671869
dimwishlist:item=846241148&perks=1840239774,106909392,3418782618,3201496230
dimwishlist:item=846241148&perks=1840239774,106909392,3418782618,3891536761
dimwishlist:item=846241148&perks=1840239774,106909392,3418782618,1089671869
dimwishlist:item=846241148&perks=1840239774,1087426260,3418782618,3201496230
dimwishlist:item=846241148&perks=1840239774,1087426260,3418782618,3891536761
dimwishlist:item=846241148&perks=1840239774,1087426260,3418782618,1089671869
dimwishlist:item=846241148&perks=1840239774,3230963543,3418782618,3201496230
dimwishlist:item=846241148&perks=1840239774,3230963543,3418782618,3891536761
dimwishlist:item=846241148&perks=1840239774,3230963543,3418782618,1089671869


// Apostate - 变节者 (pve)
//notes: 目前唯二的电速射狙 tags:pve
dimwishlist:item=846241149&perks=839105230,1087426260,3400784728,555281244
dimwishlist:item=846241149&perks=839105230,1087426260,3400784728,654512643
dimwishlist:item=846241149&perks=839105230,1087426260,1511100135,555281244
dimwishlist:item=846241149&perks=839105230,1087426260,1511100135,654512643
dimwishlist:item=846241149&perks=839105230,106909392,3400784728,555281244
dimwishlist:item=846241149&perks=839105230,106909392,3400784728,654512643
dimwishlist:item=846241149&perks=839105230,106909392,1511100135,555281244
dimwishlist:item=846241149&perks=839105230,106909392,1511100135,654512643
dimwishlist:item=846241149&perks=839105230,3230963543,3400784728,555281244
dimwishlist:item=846241149&perks=839105230,3230963543,3400784728,654512643
dimwishlist:item=846241149&perks=839105230,3230963543,1511100135,555281244
dimwishlist:item=846241149&perks=839105230,3230963543,1511100135,654512643
dimwishlist:item=846241149&perks=4090651448,1087426260,3400784728,555281244
dimwishlist:item=846241149&perks=4090651448,1087426260,3400784728,654512643
dimwishlist:item=846241149&perks=4090651448,1087426260,1511100135,555281244
dimwishlist:item=846241149&perks=4090651448,1087426260,1511100135,654512643
dimwishlist:item=846241149&perks=4090651448,106909392,3400784728,555281244
dimwishlist:item=846241149&perks=4090651448,106909392,3400784728,654512643
dimwishlist:item=846241149&perks=4090651448,106909392,1511100135,555281244
dimwishlist:item=846241149&perks=4090651448,106909392,1511100135,654512643
dimwishlist:item=846241149&perks=4090651448,3230963543,3400784728,555281244
dimwishlist:item=846241149&perks=4090651448,3230963543,3400784728,654512643
dimwishlist:item=846241149&perks=4090651448,3230963543,1511100135,555281244
dimwishlist:item=846241149&perks=4090651448,3230963543,1511100135,654512643
dimwishlist:item=846241149&perks=1840239774,1087426260,3400784728,555281244
dimwishlist:item=846241149&perks=1840239774,1087426260,3400784728,654512643
dimwishlist:item=846241149&perks=1840239774,1087426260,1511100135,555281244
dimwishlist:item=846241149&perks=1840239774,1087426260,1511100135,654512643
dimwishlist:item=846241149&perks=1840239774,106909392,3400784728,555281244
dimwishlist:item=846241149&perks=1840239774,106909392,3400784728,654512643
dimwishlist:item=846241149&perks=1840239774,106909392,1511100135,555281244
dimwishlist:item=846241149&perks=1840239774,106909392,1511100135,654512643
dimwishlist:item=846241149&perks=1840239774,3230963543,3400784728,555281244
dimwishlist:item=846241149&perks=1840239774,3230963543,3400784728,654512643
dimwishlist:item=846241149&perks=1840239774,3230963543,1511100135,555281244
dimwishlist:item=846241149&perks=1840239774,3230963543,1511100135,654512643


// Apostate - 变节者 (pve)
//notes: 目前唯二的电速射狙 tags:pve
dimwishlist:item=846241149&perks=839105230,1087426260,3700496672,3038247973
dimwishlist:item=846241149&perks=839105230,106909392,3700496672,3038247973
dimwishlist:item=846241149&perks=839105230,3230963543,3700496672,3038247973
dimwishlist:item=846241149&perks=4090651448,1087426260,3700496672,3038247973
dimwishlist:item=846241149&perks=4090651448,106909392,3700496672,3038247973
dimwishlist:item=846241149&perks=4090651448,3230963543,3700496672,3038247973
dimwishlist:item=846241149&perks=1840239774,1087426260,3700496672,3038247973
dimwishlist:item=846241149&perks=1840239774,106909392,3700496672,3038247973
dimwishlist:item=846241149&perks=1840239774,3230963543,3700496672,3038247973


// Loud Lullaby - 洪亮摇篮曲 (pve)
//notes: tags:pve
dimwishlist:item=868076517&perks=839105230,106909392,124408337,3038247973
dimwishlist:item=868076517&perks=839105230,106909392,124408337,2922950962
dimwishlist:item=868076517&perks=839105230,106909392,1955165503,3038247973
dimwishlist:item=868076517&perks=839105230,106909392,1955165503,2922950962
dimwishlist:item=868076517&perks=839105230,106909392,3700496672,3038247973
dimwishlist:item=868076517&perks=839105230,106909392,3700496672,2922950962
dimwishlist:item=868076517&perks=839105230,106909392,2360347339,3038247973
dimwishlist:item=868076517&perks=839105230,106909392,2360347339,2922950962
dimwishlist:item=868076517&perks=839105230,3230963543,124408337,3038247973
dimwishlist:item=868076517&perks=839105230,3230963543,124408337,2922950962
dimwishlist:item=868076517&perks=839105230,3230963543,1955165503,3038247973
dimwishlist:item=868076517&perks=839105230,3230963543,1955165503,2922950962
dimwishlist:item=868076517&perks=839105230,3230963543,3700496672,3038247973
dimwishlist:item=868076517&perks=839105230,3230963543,3700496672,2922950962
dimwishlist:item=868076517&perks=839105230,3230963543,2360347339,3038247973
dimwishlist:item=868076517&perks=839105230,3230963543,2360347339,2922950962
dimwishlist:item=868076517&perks=4090651448,106909392,124408337,3038247973
dimwishlist:item=868076517&perks=4090651448,106909392,124408337,2922950962
dimwishlist:item=868076517&perks=4090651448,106909392,1955165503,3038247973
dimwishlist:item=868076517&perks=4090651448,106909392,1955165503,2922950962
dimwishlist:item=868076517&perks=4090651448,106909392,3700496672,3038247973
dimwishlist:item=868076517&perks=4090651448,106909392,3700496672,2922950962
dimwishlist:item=868076517&perks=4090651448,106909392,2360347339,3038247973
dimwishlist:item=868076517&perks=4090651448,106909392,2360347339,2922950962
dimwishlist:item=868076517&perks=4090651448,3230963543,124408337,3038247973
dimwishlist:item=868076517&perks=4090651448,3230963543,124408337,2922950962
dimwishlist:item=868076517&perks=4090651448,3230963543,1955165503,3038247973
dimwishlist:item=868076517&perks=4090651448,3230963543,1955165503,2922950962
dimwishlist:item=868076517&perks=4090651448,3230963543,3700496672,3038247973
dimwishlist:item=868076517&perks=4090651448,3230963543,3700496672,2922950962
dimwishlist:item=868076517&perks=4090651448,3230963543,2360347339,3038247973
dimwishlist:item=868076517&perks=4090651448,3230963543,2360347339,2922950962
dimwishlist:item=868076517&perks=1840239774,106909392,124408337,3038247973
dimwishlist:item=868076517&perks=1840239774,106909392,124408337,2922950962
dimwishlist:item=868076517&perks=1840239774,106909392,1955165503,3038247973
dimwishlist:item=868076517&perks=1840239774,106909392,1955165503,2922950962
dimwishlist:item=868076517&perks=1840239774,106909392,3700496672,3038247973
dimwishlist:item=868076517&perks=1840239774,106909392,3700496672,2922950962
dimwishlist:item=868076517&perks=1840239774,106909392,2360347339,3038247973
dimwishlist:item=868076517&perks=1840239774,106909392,2360347339,2922950962
dimwishlist:item=868076517&perks=1840239774,3230963543,124408337,3038247973
dimwishlist:item=868076517&perks=1840239774,3230963543,124408337,2922950962
dimwishlist:item=868076517&perks=1840239774,3230963543,1955165503,3038247973
dimwishlist:item=868076517&perks=1840239774,3230963543,1955165503,2922950962
dimwishlist:item=868076517&perks=1840239774,3230963543,3700496672,3038247973
dimwishlist:item=868076517&perks=1840239774,3230963543,3700496672,2922950962
dimwishlist:item=868076517&perks=1840239774,3230963543,2360347339,3038247973
dimwishlist:item=868076517&perks=1840239774,3230963543,2360347339,2922950962


// Every Waking Moment - 苏醒时刻 (pve)
//notes: tags:pve
dimwishlist:item=1487476133&perks=839105230,106909392,2048641572,1464081238
dimwishlist:item=1487476133&perks=839105230,106909392,2048641572,657025441
dimwishlist:item=1487476133&perks=839105230,106909392,776531651,1464081238
dimwishlist:item=1487476133&perks=839105230,106909392,776531651,657025441
dimwishlist:item=1487476133&perks=839105230,3230963543,2048641572,1464081238
dimwishlist:item=1487476133&perks=839105230,3230963543,2048641572,657025441
dimwishlist:item=1487476133&perks=839105230,3230963543,776531651,1464081238
dimwishlist:item=1487476133&perks=839105230,3230963543,776531651,657025441
dimwishlist:item=1487476133&perks=839105230,1087426260,2048641572,1464081238
dimwishlist:item=1487476133&perks=839105230,1087426260,2048641572,657025441
dimwishlist:item=1487476133&perks=839105230,1087426260,776531651,1464081238
dimwishlist:item=1487476133&perks=839105230,1087426260,776531651,657025441
dimwishlist:item=1487476133&perks=1840239774,106909392,2048641572,1464081238
dimwishlist:item=1487476133&perks=1840239774,106909392,2048641572,657025441
dimwishlist:item=1487476133&perks=1840239774,106909392,776531651,1464081238
dimwishlist:item=1487476133&perks=1840239774,106909392,776531651,657025441
dimwishlist:item=1487476133&perks=1840239774,3230963543,2048641572,1464081238
dimwishlist:item=1487476133&perks=1840239774,3230963543,2048641572,657025441
dimwishlist:item=1487476133&perks=1840239774,3230963543,776531651,1464081238
dimwishlist:item=1487476133&perks=1840239774,3230963543,776531651,657025441
dimwishlist:item=1487476133&perks=1840239774,1087426260,2048641572,1464081238
dimwishlist:item=1487476133&perks=1840239774,1087426260,2048641572,657025441
dimwishlist:item=1487476133&perks=1840239774,1087426260,776531651,1464081238
dimwishlist:item=1487476133&perks=1840239774,1087426260,776531651,657025441


// Premonition - 征兆 (pve)
//notes: tags:pve
dimwishlist:item=1969802090&perks=839105230,3230963543,3824105627,2048641572
dimwishlist:item=1969802090&perks=839105230,3230963543,3824105627,1134488199
dimwishlist:item=1969802090&perks=839105230,3230963543,1464081238,2048641572
dimwishlist:item=1969802090&perks=839105230,3230963543,1464081238,1134488199
dimwishlist:item=1969802090&perks=839105230,3230963543,776531651,2048641572
dimwishlist:item=1969802090&perks=839105230,3230963543,776531651,1134488199
dimwishlist:item=1969802090&perks=839105230,106909392,3824105627,2048641572
dimwishlist:item=1969802090&perks=839105230,106909392,3824105627,1134488199
dimwishlist:item=1969802090&perks=839105230,106909392,1464081238,2048641572
dimwishlist:item=1969802090&perks=839105230,106909392,1464081238,1134488199
dimwishlist:item=1969802090&perks=839105230,106909392,776531651,2048641572
dimwishlist:item=1969802090&perks=839105230,106909392,776531651,1134488199
dimwishlist:item=1969802090&perks=4090651448,3230963543,3824105627,2048641572
dimwishlist:item=1969802090&perks=4090651448,3230963543,3824105627,1134488199
dimwishlist:item=1969802090&perks=4090651448,3230963543,1464081238,2048641572
dimwishlist:item=1969802090&perks=4090651448,3230963543,1464081238,1134488199
dimwishlist:item=1969802090&perks=4090651448,3230963543,776531651,2048641572
dimwishlist:item=1969802090&perks=4090651448,3230963543,776531651,1134488199
dimwishlist:item=1969802090&perks=4090651448,106909392,3824105627,2048641572
dimwishlist:item=1969802090&perks=4090651448,106909392,3824105627,1134488199
dimwishlist:item=1969802090&perks=4090651448,106909392,1464081238,2048641572
dimwishlist:item=1969802090&perks=4090651448,106909392,1464081238,1134488199
dimwishlist:item=1969802090&perks=4090651448,106909392,776531651,2048641572
dimwishlist:item=1969802090&perks=4090651448,106909392,776531651,1134488199
dimwishlist:item=1969802090&perks=1840239774,3230963543,3824105627,2048641572
dimwishlist:item=1969802090&perks=1840239774,3230963543,3824105627,1134488199
dimwishlist:item=1969802090&perks=1840239774,3230963543,1464081238,2048641572
dimwishlist:item=1969802090&perks=1840239774,3230963543,1464081238,1134488199
dimwishlist:item=1969802090&perks=1840239774,3230963543,776531651,2048641572
dimwishlist:item=1969802090&perks=1840239774,3230963543,776531651,1134488199
dimwishlist:item=1969802090&perks=1840239774,106909392,3824105627,2048641572
dimwishlist:item=1969802090&perks=1840239774,106909392,3824105627,1134488199
dimwishlist:item=1969802090&perks=1840239774,106909392,1464081238,2048641572
dimwishlist:item=1969802090&perks=1840239774,106909392,1464081238,1134488199
dimwishlist:item=1969802090&perks=1840239774,106909392,776531651,2048641572
dimwishlist:item=1969802090&perks=1840239774,106909392,776531651,1134488199


// Heretic - 异教徒 (pve)
//notes: 强推，注意筒子忧愁圣坛看日期掉落，超充+爆炸能保底，有换挡上限更高。有增幅触发超充弹匣即可快速填弹，抱着一直射会有点卡手，但任意切枪稳定可以换好弹，强于嫉妒军械库，电泰坦小盾+仪式石板神器叠电光充能快的可以凹换挡的满层输出。 tags:pve
dimwishlist:item=2136808079&perks=1478423395,2822142346,1511100135,654512643
dimwishlist:item=2136808079&perks=1478423395,2822142346,1511100135,3194351027
dimwishlist:item=2136808079&perks=1478423395,2822142346,3987942396,654512643
dimwishlist:item=2136808079&perks=1478423395,2822142346,3987942396,3194351027
dimwishlist:item=2136808079&perks=1478423395,3796465595,1511100135,654512643
dimwishlist:item=2136808079&perks=1478423395,3796465595,1511100135,3194351027
dimwishlist:item=2136808079&perks=1478423395,3796465595,3987942396,654512643
dimwishlist:item=2136808079&perks=1478423395,3796465595,3987942396,3194351027
dimwishlist:item=2136808079&perks=1478423395,2985827016,1511100135,654512643
dimwishlist:item=2136808079&perks=1478423395,2985827016,1511100135,3194351027
dimwishlist:item=2136808079&perks=1478423395,2985827016,3987942396,654512643
dimwishlist:item=2136808079&perks=1478423395,2985827016,3987942396,3194351027
dimwishlist:item=2136808079&perks=1478423395,3492396210,1511100135,654512643
dimwishlist:item=2136808079&perks=1478423395,3492396210,1511100135,3194351027
dimwishlist:item=2136808079&perks=1478423395,3492396210,3987942396,654512643
dimwishlist:item=2136808079&perks=1478423395,3492396210,3987942396,3194351027
dimwishlist:item=2136808079&perks=1844523823,2822142346,1511100135,654512643
dimwishlist:item=2136808079&perks=1844523823,2822142346,1511100135,3194351027
dimwishlist:item=2136808079&perks=1844523823,2822142346,3987942396,654512643
dimwishlist:item=2136808079&perks=1844523823,2822142346,3987942396,3194351027
dimwishlist:item=2136808079&perks=1844523823,3796465595,1511100135,654512643
dimwishlist:item=2136808079&perks=1844523823,3796465595,1511100135,3194351027
dimwishlist:item=2136808079&perks=1844523823,3796465595,3987942396,654512643
dimwishlist:item=2136808079&perks=1844523823,3796465595,3987942396,3194351027
dimwishlist:item=2136808079&perks=1844523823,2985827016,1511100135,654512643
dimwishlist:item=2136808079&perks=1844523823,2985827016,1511100135,3194351027
dimwishlist:item=2136808079&perks=1844523823,2985827016,3987942396,654512643
dimwishlist:item=2136808079&perks=1844523823,2985827016,3987942396,3194351027
dimwishlist:item=2136808079&perks=1844523823,3492396210,1511100135,654512643
dimwishlist:item=2136808079&perks=1844523823,3492396210,1511100135,3194351027
dimwishlist:item=2136808079&perks=1844523823,3492396210,3987942396,654512643
dimwishlist:item=2136808079&perks=1844523823,3492396210,3987942396,3194351027
dimwishlist:item=2136808079&perks=3525010810,2822142346,1511100135,654512643
dimwishlist:item=2136808079&perks=3525010810,2822142346,1511100135,3194351027
dimwishlist:item=2136808079&perks=3525010810,2822142346,3987942396,654512643
dimwishlist:item=2136808079&perks=3525010810,2822142346,3987942396,3194351027
dimwishlist:item=2136808079&perks=3525010810,3796465595,1511100135,654512643
dimwishlist:item=2136808079&perks=3525010810,3796465595,1511100135,3194351027
dimwishlist:item=2136808079&perks=3525010810,3796465595,3987942396,654512643
dimwishlist:item=2136808079&perks=3525010810,3796465595,3987942396,3194351027
dimwishlist:item=2136808079&perks=3525010810,2985827016,1511100135,654512643
dimwishlist:item=2136808079&perks=3525010810,2985827016,1511100135,3194351027
dimwishlist:item=2136808079&perks=3525010810,2985827016,3987942396,654512643
dimwishlist:item=2136808079&perks=3525010810,2985827016,3987942396,3194351027
dimwishlist:item=2136808079&perks=3525010810,3492396210,1511100135,654512643
dimwishlist:item=2136808079&perks=3525010810,3492396210,1511100135,3194351027
dimwishlist:item=2136808079&perks=3525010810,3492396210,3987942396,654512643
dimwishlist:item=2136808079&perks=3525010810,3492396210,3987942396,3194351027
dimwishlist:item=2136808079&perks=981914802,2822142346,1511100135,654512643
dimwishlist:item=2136808079&perks=981914802,2822142346,1511100135,3194351027
dimwishlist:item=2136808079&perks=981914802,2822142346,3987942396,654512643
dimwishlist:item=2136808079&perks=981914802,2822142346,3987942396,3194351027
dimwishlist:item=2136808079&perks=981914802,3796465595,1511100135,654512643
dimwishlist:item=2136808079&perks=981914802,3796465595,1511100135,3194351027
dimwishlist:item=2136808079&perks=981914802,3796465595,3987942396,654512643
dimwishlist:item=2136808079&perks=981914802,3796465595,3987942396,3194351027
dimwishlist:item=2136808079&perks=981914802,2985827016,1511100135,654512643
dimwishlist:item=2136808079&perks=981914802,2985827016,1511100135,3194351027
dimwishlist:item=2136808079&perks=981914802,2985827016,3987942396,654512643
dimwishlist:item=2136808079&perks=981914802,2985827016,3987942396,3194351027
dimwishlist:item=2136808079&perks=981914802,3492396210,1511100135,654512643
dimwishlist:item=2136808079&perks=981914802,3492396210,1511100135,3194351027
dimwishlist:item=2136808079&perks=981914802,3492396210,3987942396,654512643
dimwishlist:item=2136808079&perks=981914802,3492396210,3987942396,3194351027
dimwishlist:item=2136808079&perks=1441682018,2822142346,1511100135,654512643
dimwishlist:item=2136808079&perks=1441682018,2822142346,1511100135,3194351027
dimwishlist:item=2136808079&perks=1441682018,2822142346,3987942396,654512643
dimwishlist:item=2136808079&perks=1441682018,2822142346,3987942396,3194351027
dimwishlist:item=2136808079&perks=1441682018,3796465595,1511100135,654512643
dimwishlist:item=2136808079&perks=1441682018,3796465595,1511100135,3194351027
dimwishlist:item=2136808079&perks=1441682018,3796465595,3987942396,654512643
dimwishlist:item=2136808079&perks=1441682018,3796465595,3987942396,3194351027
dimwishlist:item=2136808079&perks=1441682018,2985827016,1511100135,654512643
dimwishlist:item=2136808079&perks=1441682018,2985827016,1511100135,3194351027
dimwishlist:item=2136808079&perks=1441682018,2985827016,3987942396,654512643
dimwishlist:item=2136808079&perks=1441682018,2985827016,3987942396,3194351027
dimwishlist:item=2136808079&perks=1441682018,3492396210,1511100135,654512643
dimwishlist:item=2136808079&perks=1441682018,3492396210,1511100135,3194351027
dimwishlist:item=2136808079&perks=1441682018,3492396210,3987942396,654512643
dimwishlist:item=2136808079&perks=1441682018,3492396210,3987942396,3194351027
dimwishlist:item=2136808079&perks=3798852852,2822142346,1511100135,654512643
dimwishlist:item=2136808079&perks=3798852852,2822142346,1511100135,3194351027
dimwishlist:item=2136808079&perks=3798852852,2822142346,3987942396,654512643
dimwishlist:item=2136808079&perks=3798852852,2822142346,3987942396,3194351027
dimwishlist:item=2136808079&perks=3798852852,3796465595,1511100135,654512643
dimwishlist:item=2136808079&perks=3798852852,3796465595,1511100135,3194351027
dimwishlist:item=2136808079&perks=3798852852,3796465595,3987942396,654512643
dimwishlist:item=2136808079&perks=3798852852,3796465595,3987942396,3194351027
dimwishlist:item=2136808079&perks=3798852852,2985827016,1511100135,654512643
dimwishlist:item=2136808079&perks=3798852852,2985827016,1511100135,3194351027
dimwishlist:item=2136808079&perks=3798852852,2985827016,3987942396,654512643
dimwishlist:item=2136808079&perks=3798852852,2985827016,3987942396,3194351027
dimwishlist:item=2136808079&perks=3798852852,3492396210,1511100135,654512643
dimwishlist:item=2136808079&perks=3798852852,3492396210,1511100135,3194351027
dimwishlist:item=2136808079&perks=3798852852,3492396210,3987942396,654512643
dimwishlist:item=2136808079&perks=3798852852,3492396210,3987942396,3194351027


// One Small Step - 一小步 (pve)
//notes: 主手打拳喷 tags:pve
dimwishlist:item=2527058296&perks=1047830412,1087426260,1631667848,2679249093
dimwishlist:item=2527058296&perks=1047830412,1087426260,1631667848,2360754333
dimwishlist:item=2527058296&perks=1047830412,1087426260,3300816228,2679249093
dimwishlist:item=2527058296&perks=1047830412,1087426260,3300816228,2360754333
dimwishlist:item=2527058296&perks=1047830412,1087426260,4190679284,2679249093
dimwishlist:item=2527058296&perks=1047830412,1087426260,4190679284,2360754333
dimwishlist:item=2527058296&perks=1047830412,2420895100,1631667848,2679249093
dimwishlist:item=2527058296&perks=1047830412,2420895100,1631667848,2360754333
dimwishlist:item=2527058296&perks=1047830412,2420895100,3300816228,2679249093
dimwishlist:item=2527058296&perks=1047830412,2420895100,3300816228,2360754333
dimwishlist:item=2527058296&perks=1047830412,2420895100,4190679284,2679249093
dimwishlist:item=2527058296&perks=1047830412,2420895100,4190679284,2360754333
dimwishlist:item=2527058296&perks=1047830412,106909392,1631667848,2679249093
dimwishlist:item=2527058296&perks=1047830412,106909392,1631667848,2360754333
dimwishlist:item=2527058296&perks=1047830412,106909392,3300816228,2679249093
dimwishlist:item=2527058296&perks=1047830412,106909392,3300816228,2360754333
dimwishlist:item=2527058296&perks=1047830412,106909392,4190679284,2679249093
dimwishlist:item=2527058296&perks=1047830412,106909392,4190679284,2360754333
dimwishlist:item=2527058296&perks=1047830412,3230963543,1631667848,2679249093
dimwishlist:item=2527058296&perks=1047830412,3230963543,1631667848,2360754333
dimwishlist:item=2527058296&perks=1047830412,3230963543,3300816228,2679249093
dimwishlist:item=2527058296&perks=1047830412,3230963543,3300816228,2360754333
dimwishlist:item=2527058296&perks=1047830412,3230963543,4190679284,2679249093
dimwishlist:item=2527058296&perks=1047830412,3230963543,4190679284,2360754333
dimwishlist:item=2527058296&perks=1482024992,1087426260,1631667848,2679249093
dimwishlist:item=2527058296&perks=1482024992,1087426260,1631667848,2360754333
dimwishlist:item=2527058296&perks=1482024992,1087426260,3300816228,2679249093
dimwishlist:item=2527058296&perks=1482024992,1087426260,3300816228,2360754333
dimwishlist:item=2527058296&perks=1482024992,1087426260,4190679284,2679249093
dimwishlist:item=2527058296&perks=1482024992,1087426260,4190679284,2360754333
dimwishlist:item=2527058296&perks=1482024992,2420895100,1631667848,2679249093
dimwishlist:item=2527058296&perks=1482024992,2420895100,1631667848,2360754333
dimwishlist:item=2527058296&perks=1482024992,2420895100,3300816228,2679249093
dimwishlist:item=2527058296&perks=1482024992,2420895100,3300816228,2360754333
dimwishlist:item=2527058296&perks=1482024992,2420895100,4190679284,2679249093
dimwishlist:item=2527058296&perks=1482024992,2420895100,4190679284,2360754333
dimwishlist:item=2527058296&perks=1482024992,106909392,1631667848,2679249093
dimwishlist:item=2527058296&perks=1482024992,106909392,1631667848,2360754333
dimwishlist:item=2527058296&perks=1482024992,106909392,3300816228,2679249093
dimwishlist:item=2527058296&perks=1482024992,106909392,3300816228,2360754333
dimwishlist:item=2527058296&perks=1482024992,106909392,4190679284,2679249093
dimwishlist:item=2527058296&perks=1482024992,106909392,4190679284,2360754333
dimwishlist:item=2527058296&perks=1482024992,3230963543,1631667848,2679249093
dimwishlist:item=2527058296&perks=1482024992,3230963543,1631667848,2360754333
dimwishlist:item=2527058296&perks=1482024992,3230963543,3300816228,2679249093
dimwishlist:item=2527058296&perks=1482024992,3230963543,3300816228,2360754333
dimwishlist:item=2527058296&perks=1482024992,3230963543,4190679284,2679249093
dimwishlist:item=2527058296&perks=1482024992,3230963543,4190679284,2360754333
dimwishlist:item=2527058296&perks=1300023272,1087426260,1631667848,2679249093
dimwishlist:item=2527058296&perks=1300023272,1087426260,1631667848,2360754333
dimwishlist:item=2527058296&perks=1300023272,1087426260,3300816228,2679249093
dimwishlist:item=2527058296&perks=1300023272,1087426260,3300816228,2360754333
dimwishlist:item=2527058296&perks=1300023272,1087426260,4190679284,2679249093
dimwishlist:item=2527058296&perks=1300023272,1087426260,4190679284,2360754333
dimwishlist:item=2527058296&perks=1300023272,2420895100,1631667848,2679249093
dimwishlist:item=2527058296&perks=1300023272,2420895100,1631667848,2360754333
dimwishlist:item=2527058296&perks=1300023272,2420895100,3300816228,2679249093
dimwishlist:item=2527058296&perks=1300023272,2420895100,3300816228,2360754333
dimwishlist:item=2527058296&perks=1300023272,2420895100,4190679284,2679249093
dimwishlist:item=2527058296&perks=1300023272,2420895100,4190679284,2360754333
dimwishlist:item=2527058296&perks=1300023272,106909392,1631667848,2679249093
dimwishlist:item=2527058296&perks=1300023272,106909392,1631667848,2360754333
dimwishlist:item=2527058296&perks=1300023272,106909392,3300816228,2679249093
dimwishlist:item=2527058296&perks=1300023272,106909392,3300816228,2360754333
dimwishlist:item=2527058296&perks=1300023272,106909392,4190679284,2679249093
dimwishlist:item=2527058296&perks=1300023272,106909392,4190679284,2360754333
dimwishlist:item=2527058296&perks=1300023272,3230963543,1631667848,2679249093
dimwishlist:item=2527058296&perks=1300023272,3230963543,1631667848,2360754333
dimwishlist:item=2527058296&perks=1300023272,3230963543,3300816228,2679249093
dimwishlist:item=2527058296&perks=1300023272,3230963543,3300816228,2360754333
dimwishlist:item=2527058296&perks=1300023272,3230963543,4190679284,2679249093
dimwishlist:item=2527058296&perks=1300023272,3230963543,4190679284,2360754333
dimwishlist:item=2527058296&perks=4090651448,1087426260,1631667848,2679249093
dimwishlist:item=2527058296&perks=4090651448,1087426260,1631667848,2360754333
dimwishlist:item=2527058296&perks=4090651448,1087426260,3300816228,2679249093
dimwishlist:item=2527058296&perks=4090651448,1087426260,3300816228,2360754333
dimwishlist:item=2527058296&perks=4090651448,1087426260,4190679284,2679249093
dimwishlist:item=2527058296&perks=4090651448,1087426260,4190679284,2360754333
dimwishlist:item=2527058296&perks=4090651448,2420895100,1631667848,2679249093
dimwishlist:item=2527058296&perks=4090651448,2420895100,1631667848,2360754333
dimwishlist:item=2527058296&perks=4090651448,2420895100,3300816228,2679249093
dimwishlist:item=2527058296&perks=4090651448,2420895100,3300816228,2360754333
dimwishlist:item=2527058296&perks=4090651448,2420895100,4190679284,2679249093
dimwishlist:item=2527058296&perks=4090651448,2420895100,4190679284,2360754333
dimwishlist:item=2527058296&perks=4090651448,106909392,1631667848,2679249093
dimwishlist:item=2527058296&perks=4090651448,106909392,1631667848,2360754333
dimwishlist:item=2527058296&perks=4090651448,106909392,3300816228,2679249093
dimwishlist:item=2527058296&perks=4090651448,106909392,3300816228,2360754333
dimwishlist:item=2527058296&perks=4090651448,106909392,4190679284,2679249093
dimwishlist:item=2527058296&perks=4090651448,106909392,4190679284,2360754333
dimwishlist:item=2527058296&perks=4090651448,3230963543,1631667848,2679249093
dimwishlist:item=2527058296&perks=4090651448,3230963543,1631667848,2360754333
dimwishlist:item=2527058296&perks=4090651448,3230963543,3300816228,2679249093
dimwishlist:item=2527058296&perks=4090651448,3230963543,3300816228,2360754333
dimwishlist:item=2527058296&perks=4090651448,3230963543,4190679284,2679249093
dimwishlist:item=2527058296&perks=4090651448,3230963543,4190679284,2360754333


// Blasphemer - 渎神者 (pve)
//notes: tags:pve
dimwishlist:item=2527058297&perks=839105230,791862061,1354429876,1226351311
dimwishlist:item=2527058297&perks=839105230,791862061,1354429876,4082225868
dimwishlist:item=2527058297&perks=839105230,791862061,1631667848,1226351311
dimwishlist:item=2527058297&perks=839105230,791862061,1631667848,4082225868
dimwishlist:item=2527058297&perks=839105230,1087426260,1354429876,1226351311
dimwishlist:item=2527058297&perks=839105230,1087426260,1354429876,4082225868
dimwishlist:item=2527058297&perks=839105230,1087426260,1631667848,1226351311
dimwishlist:item=2527058297&perks=839105230,1087426260,1631667848,4082225868
dimwishlist:item=2527058297&perks=839105230,106909392,1354429876,1226351311
dimwishlist:item=2527058297&perks=839105230,106909392,1354429876,4082225868
dimwishlist:item=2527058297&perks=839105230,106909392,1631667848,1226351311
dimwishlist:item=2527058297&perks=839105230,106909392,1631667848,4082225868
dimwishlist:item=2527058297&perks=839105230,3230963543,1354429876,1226351311
dimwishlist:item=2527058297&perks=839105230,3230963543,1354429876,4082225868
dimwishlist:item=2527058297&perks=839105230,3230963543,1631667848,1226351311
dimwishlist:item=2527058297&perks=839105230,3230963543,1631667848,4082225868
dimwishlist:item=2527058297&perks=4090651448,791862061,1354429876,1226351311
dimwishlist:item=2527058297&perks=4090651448,791862061,1354429876,4082225868
dimwishlist:item=2527058297&perks=4090651448,791862061,1631667848,1226351311
dimwishlist:item=2527058297&perks=4090651448,791862061,1631667848,4082225868
dimwishlist:item=2527058297&perks=4090651448,1087426260,1354429876,1226351311
dimwishlist:item=2527058297&perks=4090651448,1087426260,1354429876,4082225868
dimwishlist:item=2527058297&perks=4090651448,1087426260,1631667848,1226351311
dimwishlist:item=2527058297&perks=4090651448,1087426260,1631667848,4082225868
dimwishlist:item=2527058297&perks=4090651448,106909392,1354429876,1226351311
dimwishlist:item=2527058297&perks=4090651448,106909392,1354429876,4082225868
dimwishlist:item=2527058297&perks=4090651448,106909392,1631667848,1226351311
dimwishlist:item=2527058297&perks=4090651448,106909392,1631667848,4082225868
dimwishlist:item=2527058297&perks=4090651448,3230963543,1354429876,1226351311
dimwishlist:item=2527058297&perks=4090651448,3230963543,1354429876,4082225868
dimwishlist:item=2527058297&perks=4090651448,3230963543,1631667848,1226351311
dimwishlist:item=2527058297&perks=4090651448,3230963543,1631667848,4082225868
dimwishlist:item=2527058297&perks=1840239774,791862061,1354429876,1226351311
dimwishlist:item=2527058297&perks=1840239774,791862061,1354429876,4082225868
dimwishlist:item=2527058297&perks=1840239774,791862061,1631667848,1226351311
dimwishlist:item=2527058297&perks=1840239774,791862061,1631667848,4082225868
dimwishlist:item=2527058297&perks=1840239774,1087426260,1354429876,1226351311
dimwishlist:item=2527058297&perks=1840239774,1087426260,1354429876,4082225868
dimwishlist:item=2527058297&perks=1840239774,1087426260,1631667848,1226351311
dimwishlist:item=2527058297&perks=1840239774,1087426260,1631667848,4082225868
dimwishlist:item=2527058297&perks=1840239774,106909392,1354429876,1226351311
dimwishlist:item=2527058297&perks=1840239774,106909392,1354429876,4082225868
dimwishlist:item=2527058297&perks=1840239774,106909392,1631667848,1226351311
dimwishlist:item=2527058297&perks=1840239774,106909392,1631667848,4082225868
dimwishlist:item=2527058297&perks=1840239774,3230963543,1354429876,1226351311
dimwishlist:item=2527058297&perks=1840239774,3230963543,1354429876,4082225868
dimwishlist:item=2527058297&perks=1840239774,3230963543,1631667848,1226351311
dimwishlist:item=2527058297&perks=1840239774,3230963543,1631667848,4082225868


// Night Terror - 暗夜恐惧 (pve)
//notes: tags:pve
dimwishlist:item=2729232863&perks=2077819806,3966416502
dimwishlist:item=2729232863&perks=2077819806,3913600130
dimwishlist:item=2729232863&perks=2077819806,1089671869
dimwishlist:item=2729232863&perks=2077819806,3764420437
dimwishlist:item=2729232863&perks=1749209109,3966416502
dimwishlist:item=2729232863&perks=1749209109,3913600130
dimwishlist:item=2729232863&perks=1749209109,1089671869
dimwishlist:item=2729232863&perks=1749209109,3764420437


// A Fine Memorial - 美好追忆 (pve)
//notes: tags:pve
dimwishlist:item=3211332727&perks=839105230,1087426260,3300816228,3966416502
dimwishlist:item=3211332727&perks=839105230,1087426260,3300816228,657025441
dimwishlist:item=3211332727&perks=839105230,1087426260,3300816228,31345821
dimwishlist:item=3211332727&perks=839105230,1087426260,3218042543,3966416502
dimwishlist:item=3211332727&perks=839105230,1087426260,3218042543,657025441
dimwishlist:item=3211332727&perks=839105230,1087426260,3218042543,31345821
dimwishlist:item=3211332727&perks=839105230,3230963543,3300816228,3966416502
dimwishlist:item=3211332727&perks=839105230,3230963543,3300816228,657025441
dimwishlist:item=3211332727&perks=839105230,3230963543,3300816228,31345821
dimwishlist:item=3211332727&perks=839105230,3230963543,3218042543,3966416502
dimwishlist:item=3211332727&perks=839105230,3230963543,3218042543,657025441
dimwishlist:item=3211332727&perks=839105230,3230963543,3218042543,31345821
dimwishlist:item=3211332727&perks=839105230,106909392,3300816228,3966416502
dimwishlist:item=3211332727&perks=839105230,106909392,3300816228,657025441
dimwishlist:item=3211332727&perks=839105230,106909392,3300816228,31345821
dimwishlist:item=3211332727&perks=839105230,106909392,3218042543,3966416502
dimwishlist:item=3211332727&perks=839105230,106909392,3218042543,657025441
dimwishlist:item=3211332727&perks=839105230,106909392,3218042543,31345821
dimwishlist:item=3211332727&perks=4090651448,1087426260,3300816228,3966416502
dimwishlist:item=3211332727&perks=4090651448,1087426260,3300816228,657025441
dimwishlist:item=3211332727&perks=4090651448,1087426260,3300816228,31345821
dimwishlist:item=3211332727&perks=4090651448,1087426260,3218042543,3966416502
dimwishlist:item=3211332727&perks=4090651448,1087426260,3218042543,657025441
dimwishlist:item=3211332727&perks=4090651448,1087426260,3218042543,31345821
dimwishlist:item=3211332727&perks=4090651448,3230963543,3300816228,3966416502
dimwishlist:item=3211332727&perks=4090651448,3230963543,3300816228,657025441
dimwishlist:item=3211332727&perks=4090651448,3230963543,3300816228,31345821
dimwishlist:item=3211332727&perks=4090651448,3230963543,3218042543,3966416502
dimwishlist:item=3211332727&perks=4090651448,3230963543,3218042543,657025441
dimwishlist:item=3211332727&perks=4090651448,3230963543,3218042543,31345821
dimwishlist:item=3211332727&perks=4090651448,106909392,3300816228,3966416502
dimwishlist:item=3211332727&perks=4090651448,106909392,3300816228,657025441
dimwishlist:item=3211332727&perks=4090651448,106909392,3300816228,31345821
dimwishlist:item=3211332727&perks=4090651448,106909392,3218042543,3966416502
dimwishlist:item=3211332727&perks=4090651448,106909392,3218042543,657025441
dimwishlist:item=3211332727&perks=4090651448,106909392,3218042543,31345821
dimwishlist:item=3211332727&perks=1840239774,1087426260,3300816228,3966416502
dimwishlist:item=3211332727&perks=1840239774,1087426260,3300816228,657025441
dimwishlist:item=3211332727&perks=1840239774,1087426260,3300816228,31345821
dimwishlist:item=3211332727&perks=1840239774,1087426260,3218042543,3966416502
dimwishlist:item=3211332727&perks=1840239774,1087426260,3218042543,657025441
dimwishlist:item=3211332727&perks=1840239774,1087426260,3218042543,31345821
dimwishlist:item=3211332727&perks=1840239774,3230963543,3300816228,3966416502
dimwishlist:item=3211332727&perks=1840239774,3230963543,3300816228,657025441
dimwishlist:item=3211332727&perks=1840239774,3230963543,3300816228,31345821
dimwishlist:item=3211332727&perks=1840239774,3230963543,3218042543,3966416502
dimwishlist:item=3211332727&perks=1840239774,3230963543,3218042543,657025441
dimwishlist:item=3211332727&perks=1840239774,3230963543,3218042543,31345821
dimwishlist:item=3211332727&perks=1840239774,106909392,3300816228,3966416502
dimwishlist:item=3211332727&perks=1840239774,106909392,3300816228,657025441
dimwishlist:item=3211332727&perks=1840239774,106909392,3300816228,31345821
dimwishlist:item=3211332727&perks=1840239774,106909392,3218042543,3966416502
dimwishlist:item=3211332727&perks=1840239774,106909392,3218042543,657025441
dimwishlist:item=3211332727&perks=1840239774,106909392,3218042543,31345821


// Love and Death - 爱与死 (pve)
//notes: tags:pve
dimwishlist:item=3482299617&perks=1478423395,2822142346,3987942396,3078487919
dimwishlist:item=3482299617&perks=1478423395,2822142346,3987942396,3764420437
dimwishlist:item=3482299617&perks=1478423395,2822142346,3987942396,1089671869
dimwishlist:item=3482299617&perks=1478423395,2822142346,3987942396,2396489472
dimwishlist:item=3482299617&perks=1478423395,2822142346,1523832109,3078487919
dimwishlist:item=3482299617&perks=1478423395,2822142346,1523832109,3764420437
dimwishlist:item=3482299617&perks=1478423395,2822142346,1523832109,1089671869
dimwishlist:item=3482299617&perks=1478423395,2822142346,1523832109,2396489472
dimwishlist:item=3482299617&perks=1478423395,2822142346,3751912585,3078487919
dimwishlist:item=3482299617&perks=1478423395,2822142346,3751912585,3764420437
dimwishlist:item=3482299617&perks=1478423395,2822142346,3751912585,1089671869
dimwishlist:item=3482299617&perks=1478423395,2822142346,3751912585,2396489472
dimwishlist:item=3482299617&perks=1478423395,2822142346,4293542123,3078487919
dimwishlist:item=3482299617&perks=1478423395,2822142346,4293542123,3764420437
dimwishlist:item=3482299617&perks=1478423395,2822142346,4293542123,1089671869
dimwishlist:item=3482299617&perks=1478423395,2822142346,4293542123,2396489472
dimwishlist:item=3482299617&perks=981914802,2822142346,3987942396,3078487919
dimwishlist:item=3482299617&perks=981914802,2822142346,3987942396,3764420437
dimwishlist:item=3482299617&perks=981914802,2822142346,3987942396,1089671869
dimwishlist:item=3482299617&perks=981914802,2822142346,3987942396,2396489472
dimwishlist:item=3482299617&perks=981914802,2822142346,1523832109,3078487919
dimwishlist:item=3482299617&perks=981914802,2822142346,1523832109,3764420437
dimwishlist:item=3482299617&perks=981914802,2822142346,1523832109,1089671869
dimwishlist:item=3482299617&perks=981914802,2822142346,1523832109,2396489472
dimwishlist:item=3482299617&perks=981914802,2822142346,3751912585,3078487919
dimwishlist:item=3482299617&perks=981914802,2822142346,3751912585,3764420437
dimwishlist:item=3482299617&perks=981914802,2822142346,3751912585,1089671869
dimwishlist:item=3482299617&perks=981914802,2822142346,3751912585,2396489472
dimwishlist:item=3482299617&perks=981914802,2822142346,4293542123,3078487919
dimwishlist:item=3482299617&perks=981914802,2822142346,4293542123,3764420437
dimwishlist:item=3482299617&perks=981914802,2822142346,4293542123,1089671869
dimwishlist:item=3482299617&perks=981914802,2822142346,4293542123,2396489472
dimwishlist:item=3482299617&perks=1441682018,2822142346,3987942396,3078487919
dimwishlist:item=3482299617&perks=1441682018,2822142346,3987942396,3764420437
dimwishlist:item=3482299617&perks=1441682018,2822142346,3987942396,1089671869
dimwishlist:item=3482299617&perks=1441682018,2822142346,3987942396,2396489472
dimwishlist:item=3482299617&perks=1441682018,2822142346,1523832109,3078487919
dimwishlist:item=3482299617&perks=1441682018,2822142346,1523832109,3764420437
dimwishlist:item=3482299617&perks=1441682018,2822142346,1523832109,1089671869
dimwishlist:item=3482299617&perks=1441682018,2822142346,1523832109,2396489472
dimwishlist:item=3482299617&perks=1441682018,2822142346,3751912585,3078487919
dimwishlist:item=3482299617&perks=1441682018,2822142346,3751912585,3764420437
dimwishlist:item=3482299617&perks=1441682018,2822142346,3751912585,1089671869
dimwishlist:item=3482299617&perks=1441682018,2822142346,3751912585,2396489472
dimwishlist:item=3482299617&perks=1441682018,2822142346,4293542123,3078487919
dimwishlist:item=3482299617&perks=1441682018,2822142346,4293542123,3764420437
dimwishlist:item=3482299617&perks=1441682018,2822142346,4293542123,1089671869
dimwishlist:item=3482299617&perks=1441682018,2822142346,4293542123,2396489472
dimwishlist:item=3482299617&perks=3525010810,2822142346,3987942396,3078487919
dimwishlist:item=3482299617&perks=3525010810,2822142346,3987942396,3764420437
dimwishlist:item=3482299617&perks=3525010810,2822142346,3987942396,1089671869
dimwishlist:item=3482299617&perks=3525010810,2822142346,3987942396,2396489472
dimwishlist:item=3482299617&perks=3525010810,2822142346,1523832109,3078487919
dimwishlist:item=3482299617&perks=3525010810,2822142346,1523832109,3764420437
dimwishlist:item=3482299617&perks=3525010810,2822142346,1523832109,1089671869
dimwishlist:item=3482299617&perks=3525010810,2822142346,1523832109,2396489472
dimwishlist:item=3482299617&perks=3525010810,2822142346,3751912585,3078487919
dimwishlist:item=3482299617&perks=3525010810,2822142346,3751912585,3764420437
dimwishlist:item=3482299617&perks=3525010810,2822142346,3751912585,1089671869
dimwishlist:item=3482299617&perks=3525010810,2822142346,3751912585,2396489472
dimwishlist:item=3482299617&perks=3525010810,2822142346,4293542123,3078487919
dimwishlist:item=3482299617&perks=3525010810,2822142346,4293542123,3764420437
dimwishlist:item=3482299617&perks=3525010810,2822142346,4293542123,1089671869
dimwishlist:item=3482299617&perks=3525010810,2822142346,4293542123,2396489472
dimwishlist:item=3482299617&perks=3798852852,2822142346,3987942396,3078487919
dimwishlist:item=3482299617&perks=3798852852,2822142346,3987942396,3764420437
dimwishlist:item=3482299617&perks=3798852852,2822142346,3987942396,1089671869
dimwishlist:item=3482299617&perks=3798852852,2822142346,3987942396,2396489472
dimwishlist:item=3482299617&perks=3798852852,2822142346,1523832109,3078487919
dimwishlist:item=3482299617&perks=3798852852,2822142346,1523832109,3764420437
dimwishlist:item=3482299617&perks=3798852852,2822142346,1523832109,1089671869
dimwishlist:item=3482299617&perks=3798852852,2822142346,1523832109,2396489472
dimwishlist:item=3482299617&perks=3798852852,2822142346,3751912585,3078487919
dimwishlist:item=3482299617&perks=3798852852,2822142346,3751912585,3764420437
dimwishlist:item=3482299617&perks=3798852852,2822142346,3751912585,1089671869
dimwishlist:item=3482299617&perks=3798852852,2822142346,3751912585,2396489472
dimwishlist:item=3482299617&perks=3798852852,2822142346,4293542123,3078487919
dimwishlist:item=3482299617&perks=3798852852,2822142346,4293542123,3764420437
dimwishlist:item=3482299617&perks=3798852852,2822142346,4293542123,1089671869
dimwishlist:item=3482299617&perks=3798852852,2822142346,4293542123,2396489472


