title:目的地-发射基地
description:凯旋纪念碑

// Seventh Seraph SI-2 - 第七炽天使SI-2 (pve)
//notes: tags:pve
dimwishlist:item=453798564&perks=4090651448,106909392,2048641572,776531651
dimwishlist:item=453798564&perks=4090651448,106909392,2048641572,1464081238
dimwishlist:item=453798564&perks=4090651448,3230963543,2048641572,776531651
dimwishlist:item=453798564&perks=4090651448,3230963543,2048641572,1464081238
dimwishlist:item=453798564&perks=4090651448,1140096971,2048641572,776531651
dimwishlist:item=453798564&perks=4090651448,1140096971,2048641572,1464081238
dimwishlist:item=453798564&perks=1840239774,106909392,2048641572,776531651
dimwishlist:item=453798564&perks=1840239774,106909392,2048641572,1464081238
dimwishlist:item=453798564&perks=1840239774,3230963543,2048641572,776531651
dimwishlist:item=453798564&perks=1840239774,3230963543,2048641572,1464081238
dimwishlist:item=453798564&perks=1840239774,1140096971,2048641572,776531651
dimwishlist:item=453798564&perks=1840239774,1140096971,2048641572,1464081238
dimwishlist:item=453798564&perks=1392496348,106909392,2048641572,776531651
dimwishlist:item=453798564&perks=1392496348,106909392,2048641572,1464081238
dimwishlist:item=453798564&perks=1392496348,3230963543,2048641572,776531651
dimwishlist:item=453798564&perks=1392496348,3230963543,2048641572,1464081238
dimwishlist:item=453798564&perks=1392496348,1140096971,2048641572,776531651
dimwishlist:item=453798564&perks=1392496348,1140096971,2048641572,1464081238
dimwishlist:item=453798564&perks=1482024992,106909392,2048641572,776531651
dimwishlist:item=453798564&perks=1482024992,106909392,2048641572,1464081238
dimwishlist:item=453798564&perks=1482024992,3230963543,2048641572,776531651
dimwishlist:item=453798564&perks=1482024992,3230963543,2048641572,1464081238
dimwishlist:item=453798564&perks=1482024992,1140096971,2048641572,776531651
dimwishlist:item=453798564&perks=1482024992,1140096971,2048641572,1464081238
dimwishlist:item=453798564&perks=839105230,106909392,2048641572,776531651
dimwishlist:item=453798564&perks=839105230,106909392,2048641572,1464081238
dimwishlist:item=453798564&perks=839105230,3230963543,2048641572,776531651
dimwishlist:item=453798564&perks=839105230,3230963543,2048641572,1464081238
dimwishlist:item=453798564&perks=839105230,1140096971,2048641572,776531651
dimwishlist:item=453798564&perks=839105230,1140096971,2048641572,1464081238


// Seventh Seraph VY-7 - 第七炽天使VY-7 (pve)
//notes: tags:pve
dimwishlist:item=1719169808&perks=839105230,106909392,1115162408,654512643
dimwishlist:item=1719169808&perks=839105230,106909392,1115162408,3218042543
dimwishlist:item=1719169808&perks=839105230,106909392,1115162408,3966416502
dimwishlist:item=1719169808&perks=839105230,3230963543,1115162408,654512643
dimwishlist:item=1719169808&perks=839105230,3230963543,1115162408,3218042543
dimwishlist:item=1719169808&perks=839105230,3230963543,1115162408,3966416502
dimwishlist:item=1719169808&perks=1840239774,106909392,1115162408,654512643
dimwishlist:item=1719169808&perks=1840239774,106909392,1115162408,3218042543
dimwishlist:item=1719169808&perks=1840239774,106909392,1115162408,3966416502
dimwishlist:item=1719169808&perks=1840239774,3230963543,1115162408,654512643
dimwishlist:item=1719169808&perks=1840239774,3230963543,1115162408,3218042543
dimwishlist:item=1719169808&perks=1840239774,3230963543,1115162408,3966416502


// Seventh Seraph CQC-12 - 第七炽天使CQC-12 (pve)
//notes: 手感不错的打拳喷 tags:pve
dimwishlist:item=2308010345&perks=1482024992,791862061,4071163871,2679249093
dimwishlist:item=2308010345&perks=1482024992,791862061,4071163871,2360754333
dimwishlist:item=2308010345&perks=1482024992,791862061,3017780555,2679249093
dimwishlist:item=2308010345&perks=1482024992,791862061,3017780555,2360754333
dimwishlist:item=2308010345&perks=1482024992,106909392,4071163871,2679249093
dimwishlist:item=2308010345&perks=1482024992,106909392,4071163871,2360754333
dimwishlist:item=2308010345&perks=1482024992,106909392,3017780555,2679249093
dimwishlist:item=2308010345&perks=1482024992,106909392,3017780555,2360754333
dimwishlist:item=2308010345&perks=1482024992,3230963543,4071163871,2679249093
dimwishlist:item=2308010345&perks=1482024992,3230963543,4071163871,2360754333
dimwishlist:item=2308010345&perks=1482024992,3230963543,3017780555,2679249093
dimwishlist:item=2308010345&perks=1482024992,3230963543,3017780555,2360754333
dimwishlist:item=2308010345&perks=1300023272,791862061,4071163871,2679249093
dimwishlist:item=2308010345&perks=1300023272,791862061,4071163871,2360754333
dimwishlist:item=2308010345&perks=1300023272,791862061,3017780555,2679249093
dimwishlist:item=2308010345&perks=1300023272,791862061,3017780555,2360754333
dimwishlist:item=2308010345&perks=1300023272,106909392,4071163871,2679249093
dimwishlist:item=2308010345&perks=1300023272,106909392,4071163871,2360754333
dimwishlist:item=2308010345&perks=1300023272,106909392,3017780555,2679249093
dimwishlist:item=2308010345&perks=1300023272,106909392,3017780555,2360754333
dimwishlist:item=2308010345&perks=1300023272,3230963543,4071163871,2679249093
dimwishlist:item=2308010345&perks=1300023272,3230963543,4071163871,2360754333
dimwishlist:item=2308010345&perks=1300023272,3230963543,3017780555,2679249093
dimwishlist:item=2308010345&perks=1300023272,3230963543,3017780555,2360754333
dimwishlist:item=2308010345&perks=1047830412,791862061,4071163871,2679249093
dimwishlist:item=2308010345&perks=1047830412,791862061,4071163871,2360754333
dimwishlist:item=2308010345&perks=1047830412,791862061,3017780555,2679249093
dimwishlist:item=2308010345&perks=1047830412,791862061,3017780555,2360754333
dimwishlist:item=2308010345&perks=1047830412,106909392,4071163871,2679249093
dimwishlist:item=2308010345&perks=1047830412,106909392,4071163871,2360754333
dimwishlist:item=2308010345&perks=1047830412,106909392,3017780555,2679249093
dimwishlist:item=2308010345&perks=1047830412,106909392,3017780555,2360754333
dimwishlist:item=2308010345&perks=1047830412,3230963543,4071163871,2679249093
dimwishlist:item=2308010345&perks=1047830412,3230963543,4071163871,2360754333
dimwishlist:item=2308010345&perks=1047830412,3230963543,3017780555,2679249093
dimwishlist:item=2308010345&perks=1047830412,3230963543,3017780555,2360754333
dimwishlist:item=2308010345&perks=4090651448,791862061,4071163871,2679249093
dimwishlist:item=2308010345&perks=4090651448,791862061,4071163871,2360754333
dimwishlist:item=2308010345&perks=4090651448,791862061,3017780555,2679249093
dimwishlist:item=2308010345&perks=4090651448,791862061,3017780555,2360754333
dimwishlist:item=2308010345&perks=4090651448,106909392,4071163871,2679249093
dimwishlist:item=2308010345&perks=4090651448,106909392,4071163871,2360754333
dimwishlist:item=2308010345&perks=4090651448,106909392,3017780555,2679249093
dimwishlist:item=2308010345&perks=4090651448,106909392,3017780555,2360754333
dimwishlist:item=2308010345&perks=4090651448,3230963543,4071163871,2679249093
dimwishlist:item=2308010345&perks=4090651448,3230963543,4071163871,2360754333
dimwishlist:item=2308010345&perks=4090651448,3230963543,3017780555,2679249093
dimwishlist:item=2308010345&perks=4090651448,3230963543,3017780555,2360754333


// Seventh Seraph Carbine - 第七炽天使卡宾枪 (pve)
//notes: 450的射速略慢,可以破盾部分填装,小续航 tags:pve
dimwishlist:item=2560370239&perks=839105230,1087426260,243981275,3891536761
dimwishlist:item=2560370239&perks=839105230,1140096971,243981275,3891536761
dimwishlist:item=2560370239&perks=839105230,106909392,243981275,3891536761
dimwishlist:item=2560370239&perks=839105230,3230963543,243981275,3891536761
dimwishlist:item=2560370239&perks=4090651448,1087426260,243981275,3891536761
dimwishlist:item=2560370239&perks=4090651448,1140096971,243981275,3891536761
dimwishlist:item=2560370239&perks=4090651448,106909392,243981275,3891536761
dimwishlist:item=2560370239&perks=4090651448,3230963543,243981275,3891536761
dimwishlist:item=2560370239&perks=1840239774,1087426260,243981275,3891536761
dimwishlist:item=2560370239&perks=1840239774,1140096971,243981275,3891536761
dimwishlist:item=2560370239&perks=1840239774,106909392,243981275,3891536761
dimwishlist:item=2560370239&perks=1840239774,3230963543,243981275,3891536761


// Seventh Seraph SAW - 第七炽天使之锯 (pve)
//notes: 在能轻易触发增幅的情况下，超充弹匣相比重建有少量多次的特点，使用手感更好；而涓流充能在足量电光充能的情况下，如搭配风暴涌动，也表现良好 tags:pve
dimwishlist:item=2584201248&perks=839105230,1140096971,1511100135,3218042543
dimwishlist:item=2584201248&perks=839105230,1140096971,1511100135,557221067
dimwishlist:item=2584201248&perks=839105230,1140096971,1511100135,657025441
dimwishlist:item=2584201248&perks=839105230,1140096971,1523832109,3218042543
dimwishlist:item=2584201248&perks=839105230,1140096971,1523832109,557221067
dimwishlist:item=2584201248&perks=839105230,1140096971,1523832109,657025441
dimwishlist:item=2584201248&perks=839105230,1140096971,1115162408,3218042543
dimwishlist:item=2584201248&perks=839105230,1140096971,1115162408,557221067
dimwishlist:item=2584201248&perks=839105230,1140096971,1115162408,657025441
dimwishlist:item=2584201248&perks=839105230,1087426260,1511100135,3218042543
dimwishlist:item=2584201248&perks=839105230,1087426260,1511100135,557221067
dimwishlist:item=2584201248&perks=839105230,1087426260,1511100135,657025441
dimwishlist:item=2584201248&perks=839105230,1087426260,1523832109,3218042543
dimwishlist:item=2584201248&perks=839105230,1087426260,1523832109,557221067
dimwishlist:item=2584201248&perks=839105230,1087426260,1523832109,657025441
dimwishlist:item=2584201248&perks=839105230,1087426260,1115162408,3218042543
dimwishlist:item=2584201248&perks=839105230,1087426260,1115162408,557221067
dimwishlist:item=2584201248&perks=839105230,1087426260,1115162408,657025441
dimwishlist:item=2584201248&perks=839105230,106909392,1511100135,3218042543
dimwishlist:item=2584201248&perks=839105230,106909392,1511100135,557221067
dimwishlist:item=2584201248&perks=839105230,106909392,1511100135,657025441
dimwishlist:item=2584201248&perks=839105230,106909392,1523832109,3218042543
dimwishlist:item=2584201248&perks=839105230,106909392,1523832109,557221067
dimwishlist:item=2584201248&perks=839105230,106909392,1523832109,657025441
dimwishlist:item=2584201248&perks=839105230,106909392,1115162408,3218042543
dimwishlist:item=2584201248&perks=839105230,106909392,1115162408,557221067
dimwishlist:item=2584201248&perks=839105230,106909392,1115162408,657025441
dimwishlist:item=2584201248&perks=839105230,3230963543,1511100135,3218042543
dimwishlist:item=2584201248&perks=839105230,3230963543,1511100135,557221067
dimwishlist:item=2584201248&perks=839105230,3230963543,1511100135,657025441
dimwishlist:item=2584201248&perks=839105230,3230963543,1523832109,3218042543
dimwishlist:item=2584201248&perks=839105230,3230963543,1523832109,557221067
dimwishlist:item=2584201248&perks=839105230,3230963543,1523832109,657025441
dimwishlist:item=2584201248&perks=839105230,3230963543,1115162408,3218042543
dimwishlist:item=2584201248&perks=839105230,3230963543,1115162408,557221067
dimwishlist:item=2584201248&perks=839105230,3230963543,1115162408,657025441
dimwishlist:item=2584201248&perks=4090651448,1140096971,1511100135,3218042543
dimwishlist:item=2584201248&perks=4090651448,1140096971,1511100135,557221067
dimwishlist:item=2584201248&perks=4090651448,1140096971,1511100135,657025441
dimwishlist:item=2584201248&perks=4090651448,1140096971,1523832109,3218042543
dimwishlist:item=2584201248&perks=4090651448,1140096971,1523832109,557221067
dimwishlist:item=2584201248&perks=4090651448,1140096971,1523832109,657025441
dimwishlist:item=2584201248&perks=4090651448,1140096971,1115162408,3218042543
dimwishlist:item=2584201248&perks=4090651448,1140096971,1115162408,557221067
dimwishlist:item=2584201248&perks=4090651448,1140096971,1115162408,657025441
dimwishlist:item=2584201248&perks=4090651448,1087426260,1511100135,3218042543
dimwishlist:item=2584201248&perks=4090651448,1087426260,1511100135,557221067
dimwishlist:item=2584201248&perks=4090651448,1087426260,1511100135,657025441
dimwishlist:item=2584201248&perks=4090651448,1087426260,1523832109,3218042543
dimwishlist:item=2584201248&perks=4090651448,1087426260,1523832109,557221067
dimwishlist:item=2584201248&perks=4090651448,1087426260,1523832109,657025441
dimwishlist:item=2584201248&perks=4090651448,1087426260,1115162408,3218042543
dimwishlist:item=2584201248&perks=4090651448,1087426260,1115162408,557221067
dimwishlist:item=2584201248&perks=4090651448,1087426260,1115162408,657025441
dimwishlist:item=2584201248&perks=4090651448,106909392,1511100135,3218042543
dimwishlist:item=2584201248&perks=4090651448,106909392,1511100135,557221067
dimwishlist:item=2584201248&perks=4090651448,106909392,1511100135,657025441
dimwishlist:item=2584201248&perks=4090651448,106909392,1523832109,3218042543
dimwishlist:item=2584201248&perks=4090651448,106909392,1523832109,557221067
dimwishlist:item=2584201248&perks=4090651448,106909392,1523832109,657025441
dimwishlist:item=2584201248&perks=4090651448,106909392,1115162408,3218042543
dimwishlist:item=2584201248&perks=4090651448,106909392,1115162408,557221067
dimwishlist:item=2584201248&perks=4090651448,106909392,1115162408,657025441
dimwishlist:item=2584201248&perks=4090651448,3230963543,1511100135,3218042543
dimwishlist:item=2584201248&perks=4090651448,3230963543,1511100135,557221067
dimwishlist:item=2584201248&perks=4090651448,3230963543,1511100135,657025441
dimwishlist:item=2584201248&perks=4090651448,3230963543,1523832109,3218042543
dimwishlist:item=2584201248&perks=4090651448,3230963543,1523832109,557221067
dimwishlist:item=2584201248&perks=4090651448,3230963543,1523832109,657025441
dimwishlist:item=2584201248&perks=4090651448,3230963543,1115162408,3218042543
dimwishlist:item=2584201248&perks=4090651448,3230963543,1115162408,557221067
dimwishlist:item=2584201248&perks=4090651448,3230963543,1115162408,657025441
dimwishlist:item=2584201248&perks=1840239774,1140096971,1511100135,3218042543
dimwishlist:item=2584201248&perks=1840239774,1140096971,1511100135,557221067
dimwishlist:item=2584201248&perks=1840239774,1140096971,1511100135,657025441
dimwishlist:item=2584201248&perks=1840239774,1140096971,1523832109,3218042543
dimwishlist:item=2584201248&perks=1840239774,1140096971,1523832109,557221067
dimwishlist:item=2584201248&perks=1840239774,1140096971,1523832109,657025441
dimwishlist:item=2584201248&perks=1840239774,1140096971,1115162408,3218042543
dimwishlist:item=2584201248&perks=1840239774,1140096971,1115162408,557221067
dimwishlist:item=2584201248&perks=1840239774,1140096971,1115162408,657025441
dimwishlist:item=2584201248&perks=1840239774,1087426260,1511100135,3218042543
dimwishlist:item=2584201248&perks=1840239774,1087426260,1511100135,557221067
dimwishlist:item=2584201248&perks=1840239774,1087426260,1511100135,657025441
dimwishlist:item=2584201248&perks=1840239774,1087426260,1523832109,3218042543
dimwishlist:item=2584201248&perks=1840239774,1087426260,1523832109,557221067
dimwishlist:item=2584201248&perks=1840239774,1087426260,1523832109,657025441
dimwishlist:item=2584201248&perks=1840239774,1087426260,1115162408,3218042543
dimwishlist:item=2584201248&perks=1840239774,1087426260,1115162408,557221067
dimwishlist:item=2584201248&perks=1840239774,1087426260,1115162408,657025441
dimwishlist:item=2584201248&perks=1840239774,106909392,1511100135,3218042543
dimwishlist:item=2584201248&perks=1840239774,106909392,1511100135,557221067
dimwishlist:item=2584201248&perks=1840239774,106909392,1511100135,657025441
dimwishlist:item=2584201248&perks=1840239774,106909392,1523832109,3218042543
dimwishlist:item=2584201248&perks=1840239774,106909392,1523832109,557221067
dimwishlist:item=2584201248&perks=1840239774,106909392,1523832109,657025441
dimwishlist:item=2584201248&perks=1840239774,106909392,1115162408,3218042543
dimwishlist:item=2584201248&perks=1840239774,106909392,1115162408,557221067
dimwishlist:item=2584201248&perks=1840239774,106909392,1115162408,657025441
dimwishlist:item=2584201248&perks=1840239774,3230963543,1511100135,3218042543
dimwishlist:item=2584201248&perks=1840239774,3230963543,1511100135,557221067
dimwishlist:item=2584201248&perks=1840239774,3230963543,1511100135,657025441
dimwishlist:item=2584201248&perks=1840239774,3230963543,1523832109,3218042543
dimwishlist:item=2584201248&perks=1840239774,3230963543,1523832109,557221067
dimwishlist:item=2584201248&perks=1840239774,3230963543,1523832109,657025441
dimwishlist:item=2584201248&perks=1840239774,3230963543,1115162408,3218042543
dimwishlist:item=2584201248&perks=1840239774,3230963543,1115162408,557221067
dimwishlist:item=2584201248&perks=1840239774,3230963543,1115162408,657025441
dimwishlist:item=2584201248&perks=1392496348,1140096971,1511100135,3218042543
dimwishlist:item=2584201248&perks=1392496348,1140096971,1511100135,557221067
dimwishlist:item=2584201248&perks=1392496348,1140096971,1511100135,657025441
dimwishlist:item=2584201248&perks=1392496348,1140096971,1523832109,3218042543
dimwishlist:item=2584201248&perks=1392496348,1140096971,1523832109,557221067
dimwishlist:item=2584201248&perks=1392496348,1140096971,1523832109,657025441
dimwishlist:item=2584201248&perks=1392496348,1140096971,1115162408,3218042543
dimwishlist:item=2584201248&perks=1392496348,1140096971,1115162408,557221067
dimwishlist:item=2584201248&perks=1392496348,1140096971,1115162408,657025441
dimwishlist:item=2584201248&perks=1392496348,1087426260,1511100135,3218042543
dimwishlist:item=2584201248&perks=1392496348,1087426260,1511100135,557221067
dimwishlist:item=2584201248&perks=1392496348,1087426260,1511100135,657025441
dimwishlist:item=2584201248&perks=1392496348,1087426260,1523832109,3218042543
dimwishlist:item=2584201248&perks=1392496348,1087426260,1523832109,557221067
dimwishlist:item=2584201248&perks=1392496348,1087426260,1523832109,657025441
dimwishlist:item=2584201248&perks=1392496348,1087426260,1115162408,3218042543
dimwishlist:item=2584201248&perks=1392496348,1087426260,1115162408,557221067
dimwishlist:item=2584201248&perks=1392496348,1087426260,1115162408,657025441
dimwishlist:item=2584201248&perks=1392496348,106909392,1511100135,3218042543
dimwishlist:item=2584201248&perks=1392496348,106909392,1511100135,557221067
dimwishlist:item=2584201248&perks=1392496348,106909392,1511100135,657025441
dimwishlist:item=2584201248&perks=1392496348,106909392,1523832109,3218042543
dimwishlist:item=2584201248&perks=1392496348,106909392,1523832109,557221067
dimwishlist:item=2584201248&perks=1392496348,106909392,1523832109,657025441
dimwishlist:item=2584201248&perks=1392496348,106909392,1115162408,3218042543
dimwishlist:item=2584201248&perks=1392496348,106909392,1115162408,557221067
dimwishlist:item=2584201248&perks=1392496348,106909392,1115162408,657025441
dimwishlist:item=2584201248&perks=1392496348,3230963543,1511100135,3218042543
dimwishlist:item=2584201248&perks=1392496348,3230963543,1511100135,557221067
dimwishlist:item=2584201248&perks=1392496348,3230963543,1511100135,657025441
dimwishlist:item=2584201248&perks=1392496348,3230963543,1523832109,3218042543
dimwishlist:item=2584201248&perks=1392496348,3230963543,1523832109,557221067
dimwishlist:item=2584201248&perks=1392496348,3230963543,1523832109,657025441
dimwishlist:item=2584201248&perks=1392496348,3230963543,1115162408,3218042543
dimwishlist:item=2584201248&perks=1392496348,3230963543,1115162408,557221067
dimwishlist:item=2584201248&perks=1392496348,3230963543,1115162408,657025441
dimwishlist:item=2584201248&perks=1482024992,1140096971,1511100135,3218042543
dimwishlist:item=2584201248&perks=1482024992,1140096971,1511100135,557221067
dimwishlist:item=2584201248&perks=1482024992,1140096971,1511100135,657025441
dimwishlist:item=2584201248&perks=1482024992,1140096971,1523832109,3218042543
dimwishlist:item=2584201248&perks=1482024992,1140096971,1523832109,557221067
dimwishlist:item=2584201248&perks=1482024992,1140096971,1523832109,657025441
dimwishlist:item=2584201248&perks=1482024992,1140096971,1115162408,3218042543
dimwishlist:item=2584201248&perks=1482024992,1140096971,1115162408,557221067
dimwishlist:item=2584201248&perks=1482024992,1140096971,1115162408,657025441
dimwishlist:item=2584201248&perks=1482024992,1087426260,1511100135,3218042543
dimwishlist:item=2584201248&perks=1482024992,1087426260,1511100135,557221067
dimwishlist:item=2584201248&perks=1482024992,1087426260,1511100135,657025441
dimwishlist:item=2584201248&perks=1482024992,1087426260,1523832109,3218042543
dimwishlist:item=2584201248&perks=1482024992,1087426260,1523832109,557221067
dimwishlist:item=2584201248&perks=1482024992,1087426260,1523832109,657025441
dimwishlist:item=2584201248&perks=1482024992,1087426260,1115162408,3218042543
dimwishlist:item=2584201248&perks=1482024992,1087426260,1115162408,557221067
dimwishlist:item=2584201248&perks=1482024992,1087426260,1115162408,657025441
dimwishlist:item=2584201248&perks=1482024992,106909392,1511100135,3218042543
dimwishlist:item=2584201248&perks=1482024992,106909392,1511100135,557221067
dimwishlist:item=2584201248&perks=1482024992,106909392,1511100135,657025441
dimwishlist:item=2584201248&perks=1482024992,106909392,1523832109,3218042543
dimwishlist:item=2584201248&perks=1482024992,106909392,1523832109,557221067
dimwishlist:item=2584201248&perks=1482024992,106909392,1523832109,657025441
dimwishlist:item=2584201248&perks=1482024992,106909392,1115162408,3218042543
dimwishlist:item=2584201248&perks=1482024992,106909392,1115162408,557221067
dimwishlist:item=2584201248&perks=1482024992,106909392,1115162408,657025441
dimwishlist:item=2584201248&perks=1482024992,3230963543,1511100135,3218042543
dimwishlist:item=2584201248&perks=1482024992,3230963543,1511100135,557221067
dimwishlist:item=2584201248&perks=1482024992,3230963543,1511100135,657025441
dimwishlist:item=2584201248&perks=1482024992,3230963543,1523832109,3218042543
dimwishlist:item=2584201248&perks=1482024992,3230963543,1523832109,557221067
dimwishlist:item=2584201248&perks=1482024992,3230963543,1523832109,657025441
dimwishlist:item=2584201248&perks=1482024992,3230963543,1115162408,3218042543
dimwishlist:item=2584201248&perks=1482024992,3230963543,1115162408,557221067
dimwishlist:item=2584201248&perks=1482024992,3230963543,1115162408,657025441


// Seventh Seraph Officer Revolver - 第七炽天使军官左轮 (pve)
//notes: 边打边劫+高爆工具枪 tags:pve
dimwishlist:item=3490736392&perks=839105230,1140096971,3700496672,3038247973
dimwishlist:item=3490736392&perks=839105230,106909392,3700496672,3038247973
dimwishlist:item=3490736392&perks=839105230,3230963543,3700496672,3038247973
dimwishlist:item=3490736392&perks=4090651448,1140096971,3700496672,3038247973
dimwishlist:item=3490736392&perks=4090651448,106909392,3700496672,3038247973
dimwishlist:item=3490736392&perks=4090651448,3230963543,3700496672,3038247973
dimwishlist:item=3490736392&perks=1840239774,1140096971,3700496672,3038247973
dimwishlist:item=3490736392&perks=1840239774,106909392,3700496672,3038247973
dimwishlist:item=3490736392&perks=1840239774,3230963543,3700496672,3038247973


