title:目的地-欧洲无人区
description:凯旋纪念碑

// Battle Scar - 历战伤痕 (pve)
//notes: 起源特性能杀怪能上疲惫 tags:pve
dimwishlist:item=1525080480&perks=839105230,1087426260,243981275,3891536761
dimwishlist:item=1525080480&perks=839105230,1087426260,3700496672,3891536761
dimwishlist:item=1525080480&perks=839105230,106909392,243981275,3891536761
dimwishlist:item=1525080480&perks=839105230,106909392,3700496672,3891536761
dimwishlist:item=1525080480&perks=839105230,3230963543,243981275,3891536761
dimwishlist:item=1525080480&perks=839105230,3230963543,3700496672,3891536761
dimwishlist:item=1525080480&perks=839105230,1885400500,243981275,3891536761
dimwishlist:item=1525080480&perks=839105230,1885400500,3700496672,3891536761
dimwishlist:item=1525080480&perks=839105230,679225683,243981275,3891536761
dimwishlist:item=1525080480&perks=839105230,679225683,3700496672,3891536761
dimwishlist:item=1525080480&perks=3661387068,1087426260,243981275,3891536761
dimwishlist:item=1525080480&perks=3661387068,1087426260,3700496672,3891536761
dimwishlist:item=1525080480&perks=3661387068,106909392,243981275,3891536761
dimwishlist:item=1525080480&perks=3661387068,106909392,3700496672,3891536761
dimwishlist:item=1525080480&perks=3661387068,3230963543,243981275,3891536761
dimwishlist:item=1525080480&perks=3661387068,3230963543,3700496672,3891536761
dimwishlist:item=1525080480&perks=3661387068,1885400500,243981275,3891536761
dimwishlist:item=1525080480&perks=3661387068,1885400500,3700496672,3891536761
dimwishlist:item=1525080480&perks=3661387068,679225683,243981275,3891536761
dimwishlist:item=1525080480&perks=3661387068,679225683,3700496672,3891536761
dimwishlist:item=1525080480&perks=4090651448,1087426260,243981275,3891536761
dimwishlist:item=1525080480&perks=4090651448,1087426260,3700496672,3891536761
dimwishlist:item=1525080480&perks=4090651448,106909392,243981275,3891536761
dimwishlist:item=1525080480&perks=4090651448,106909392,3700496672,3891536761
dimwishlist:item=1525080480&perks=4090651448,3230963543,243981275,3891536761
dimwishlist:item=1525080480&perks=4090651448,3230963543,3700496672,3891536761
dimwishlist:item=1525080480&perks=4090651448,1885400500,243981275,3891536761
dimwishlist:item=1525080480&perks=4090651448,1885400500,3700496672,3891536761
dimwishlist:item=1525080480&perks=4090651448,679225683,243981275,3891536761
dimwishlist:item=1525080480&perks=4090651448,679225683,3700496672,3891536761
dimwishlist:item=1525080480&perks=1840239774,1087426260,243981275,3891536761
dimwishlist:item=1525080480&perks=1840239774,1087426260,3700496672,3891536761
dimwishlist:item=1525080480&perks=1840239774,106909392,243981275,3891536761
dimwishlist:item=1525080480&perks=1840239774,106909392,3700496672,3891536761
dimwishlist:item=1525080480&perks=1840239774,3230963543,243981275,3891536761
dimwishlist:item=1525080480&perks=1840239774,3230963543,3700496672,3891536761
dimwishlist:item=1525080480&perks=1840239774,1885400500,243981275,3891536761
dimwishlist:item=1525080480&perks=1840239774,1885400500,3700496672,3891536761
dimwishlist:item=1525080480&perks=1840239774,679225683,243981275,3891536761
dimwishlist:item=1525080480&perks=1840239774,679225683,3700496672,3891536761


// Nasreddin - 纳斯尔丁 (pve)
//notes: 黄金长牙同款perk池，少了v厂特性，多了个急切 tags:pve
dimwishlist:item=1979417829&perks=2827049491,52780822,1749209109,2077819806
dimwishlist:item=1979417829&perks=2827049491,52780822,1749209109,3913600130
dimwishlist:item=1979417829&perks=2827049491,52780822,1749209109,3708227201
dimwishlist:item=1979417829&perks=2827049491,52780822,2030760728,2077819806
dimwishlist:item=1979417829&perks=2827049491,52780822,2030760728,3913600130
dimwishlist:item=1979417829&perks=2827049491,52780822,2030760728,3708227201
dimwishlist:item=1979417829&perks=2827049491,52780822,2244851822,2077819806
dimwishlist:item=1979417829&perks=2827049491,52780822,2244851822,3913600130
dimwishlist:item=1979417829&perks=2827049491,52780822,2244851822,3708227201
dimwishlist:item=1979417829&perks=2827049491,599007201,1749209109,2077819806
dimwishlist:item=1979417829&perks=2827049491,599007201,1749209109,3913600130
dimwishlist:item=1979417829&perks=2827049491,599007201,1749209109,3708227201
dimwishlist:item=1979417829&perks=2827049491,599007201,2030760728,2077819806
dimwishlist:item=1979417829&perks=2827049491,599007201,2030760728,3913600130
dimwishlist:item=1979417829&perks=2827049491,599007201,2030760728,3708227201
dimwishlist:item=1979417829&perks=2827049491,599007201,2244851822,2077819806
dimwishlist:item=1979417829&perks=2827049491,599007201,2244851822,3913600130
dimwishlist:item=1979417829&perks=2827049491,599007201,2244851822,3708227201
dimwishlist:item=1979417829&perks=2827049491,2349202967,1749209109,2077819806
dimwishlist:item=1979417829&perks=2827049491,2349202967,1749209109,3913600130
dimwishlist:item=1979417829&perks=2827049491,2349202967,1749209109,3708227201
dimwishlist:item=1979417829&perks=2827049491,2349202967,2030760728,2077819806
dimwishlist:item=1979417829&perks=2827049491,2349202967,2030760728,3913600130
dimwishlist:item=1979417829&perks=2827049491,2349202967,2030760728,3708227201
dimwishlist:item=1979417829&perks=2827049491,2349202967,2244851822,2077819806
dimwishlist:item=1979417829&perks=2827049491,2349202967,2244851822,3913600130
dimwishlist:item=1979417829&perks=2827049491,2349202967,2244851822,3708227201
dimwishlist:item=1979417829&perks=2827049491,269888150,1749209109,2077819806
dimwishlist:item=1979417829&perks=2827049491,269888150,1749209109,3913600130
dimwishlist:item=1979417829&perks=2827049491,269888150,1749209109,3708227201
dimwishlist:item=1979417829&perks=2827049491,269888150,2030760728,2077819806
dimwishlist:item=1979417829&perks=2827049491,269888150,2030760728,3913600130
dimwishlist:item=1979417829&perks=2827049491,269888150,2030760728,3708227201
dimwishlist:item=1979417829&perks=2827049491,269888150,2244851822,2077819806
dimwishlist:item=1979417829&perks=2827049491,269888150,2244851822,3913600130
dimwishlist:item=1979417829&perks=2827049491,269888150,2244851822,3708227201
dimwishlist:item=1979417829&perks=436053704,52780822,1749209109,2077819806
dimwishlist:item=1979417829&perks=436053704,52780822,1749209109,3913600130
dimwishlist:item=1979417829&perks=436053704,52780822,1749209109,3708227201
dimwishlist:item=1979417829&perks=436053704,52780822,2030760728,2077819806
dimwishlist:item=1979417829&perks=436053704,52780822,2030760728,3913600130
dimwishlist:item=1979417829&perks=436053704,52780822,2030760728,3708227201
dimwishlist:item=1979417829&perks=436053704,52780822,2244851822,2077819806
dimwishlist:item=1979417829&perks=436053704,52780822,2244851822,3913600130
dimwishlist:item=1979417829&perks=436053704,52780822,2244851822,3708227201
dimwishlist:item=1979417829&perks=436053704,599007201,1749209109,2077819806
dimwishlist:item=1979417829&perks=436053704,599007201,1749209109,3913600130
dimwishlist:item=1979417829&perks=436053704,599007201,1749209109,3708227201
dimwishlist:item=1979417829&perks=436053704,599007201,2030760728,2077819806
dimwishlist:item=1979417829&perks=436053704,599007201,2030760728,3913600130
dimwishlist:item=1979417829&perks=436053704,599007201,2030760728,3708227201
dimwishlist:item=1979417829&perks=436053704,599007201,2244851822,2077819806
dimwishlist:item=1979417829&perks=436053704,599007201,2244851822,3913600130
dimwishlist:item=1979417829&perks=436053704,599007201,2244851822,3708227201
dimwishlist:item=1979417829&perks=436053704,2349202967,1749209109,2077819806
dimwishlist:item=1979417829&perks=436053704,2349202967,1749209109,3913600130
dimwishlist:item=1979417829&perks=436053704,2349202967,1749209109,3708227201
dimwishlist:item=1979417829&perks=436053704,2349202967,2030760728,2077819806
dimwishlist:item=1979417829&perks=436053704,2349202967,2030760728,3913600130
dimwishlist:item=1979417829&perks=436053704,2349202967,2030760728,3708227201
dimwishlist:item=1979417829&perks=436053704,2349202967,2244851822,2077819806
dimwishlist:item=1979417829&perks=436053704,2349202967,2244851822,3913600130
dimwishlist:item=1979417829&perks=436053704,2349202967,2244851822,3708227201
dimwishlist:item=1979417829&perks=436053704,269888150,1749209109,2077819806
dimwishlist:item=1979417829&perks=436053704,269888150,1749209109,3913600130
dimwishlist:item=1979417829&perks=436053704,269888150,1749209109,3708227201
dimwishlist:item=1979417829&perks=436053704,269888150,2030760728,2077819806
dimwishlist:item=1979417829&perks=436053704,269888150,2030760728,3913600130
dimwishlist:item=1979417829&perks=436053704,269888150,2030760728,3708227201
dimwishlist:item=1979417829&perks=436053704,269888150,2244851822,2077819806
dimwishlist:item=1979417829&perks=436053704,269888150,2244851822,3913600130
dimwishlist:item=1979417829&perks=436053704,269888150,2244851822,3708227201
dimwishlist:item=1979417829&perks=1261178282,52780822,1749209109,2077819806
dimwishlist:item=1979417829&perks=1261178282,52780822,1749209109,3913600130
dimwishlist:item=1979417829&perks=1261178282,52780822,1749209109,3708227201
dimwishlist:item=1979417829&perks=1261178282,52780822,2030760728,2077819806
dimwishlist:item=1979417829&perks=1261178282,52780822,2030760728,3913600130
dimwishlist:item=1979417829&perks=1261178282,52780822,2030760728,3708227201
dimwishlist:item=1979417829&perks=1261178282,52780822,2244851822,2077819806
dimwishlist:item=1979417829&perks=1261178282,52780822,2244851822,3913600130
dimwishlist:item=1979417829&perks=1261178282,52780822,2244851822,3708227201
dimwishlist:item=1979417829&perks=1261178282,599007201,1749209109,2077819806
dimwishlist:item=1979417829&perks=1261178282,599007201,1749209109,3913600130
dimwishlist:item=1979417829&perks=1261178282,599007201,1749209109,3708227201
dimwishlist:item=1979417829&perks=1261178282,599007201,2030760728,2077819806
dimwishlist:item=1979417829&perks=1261178282,599007201,2030760728,3913600130
dimwishlist:item=1979417829&perks=1261178282,599007201,2030760728,3708227201
dimwishlist:item=1979417829&perks=1261178282,599007201,2244851822,2077819806
dimwishlist:item=1979417829&perks=1261178282,599007201,2244851822,3913600130
dimwishlist:item=1979417829&perks=1261178282,599007201,2244851822,3708227201
dimwishlist:item=1979417829&perks=1261178282,2349202967,1749209109,2077819806
dimwishlist:item=1979417829&perks=1261178282,2349202967,1749209109,3913600130
dimwishlist:item=1979417829&perks=1261178282,2349202967,1749209109,3708227201
dimwishlist:item=1979417829&perks=1261178282,2349202967,2030760728,2077819806
dimwishlist:item=1979417829&perks=1261178282,2349202967,2030760728,3913600130
dimwishlist:item=1979417829&perks=1261178282,2349202967,2030760728,3708227201
dimwishlist:item=1979417829&perks=1261178282,2349202967,2244851822,2077819806
dimwishlist:item=1979417829&perks=1261178282,2349202967,2244851822,3913600130
dimwishlist:item=1979417829&perks=1261178282,2349202967,2244851822,3708227201
dimwishlist:item=1979417829&perks=1261178282,269888150,1749209109,2077819806
dimwishlist:item=1979417829&perks=1261178282,269888150,1749209109,3913600130
dimwishlist:item=1979417829&perks=1261178282,269888150,1749209109,3708227201
dimwishlist:item=1979417829&perks=1261178282,269888150,2030760728,2077819806
dimwishlist:item=1979417829&perks=1261178282,269888150,2030760728,3913600130
dimwishlist:item=1979417829&perks=1261178282,269888150,2030760728,3708227201
dimwishlist:item=1979417829&perks=1261178282,269888150,2244851822,2077819806
dimwishlist:item=1979417829&perks=1261178282,269888150,2244851822,3913600130
dimwishlist:item=1979417829&perks=1261178282,269888150,2244851822,3708227201
dimwishlist:item=1979417829&perks=938542991,52780822,1749209109,2077819806
dimwishlist:item=1979417829&perks=938542991,52780822,1749209109,3913600130
dimwishlist:item=1979417829&perks=938542991,52780822,1749209109,3708227201
dimwishlist:item=1979417829&perks=938542991,52780822,2030760728,2077819806
dimwishlist:item=1979417829&perks=938542991,52780822,2030760728,3913600130
dimwishlist:item=1979417829&perks=938542991,52780822,2030760728,3708227201
dimwishlist:item=1979417829&perks=938542991,52780822,2244851822,2077819806
dimwishlist:item=1979417829&perks=938542991,52780822,2244851822,3913600130
dimwishlist:item=1979417829&perks=938542991,52780822,2244851822,3708227201
dimwishlist:item=1979417829&perks=938542991,599007201,1749209109,2077819806
dimwishlist:item=1979417829&perks=938542991,599007201,1749209109,3913600130
dimwishlist:item=1979417829&perks=938542991,599007201,1749209109,3708227201
dimwishlist:item=1979417829&perks=938542991,599007201,2030760728,2077819806
dimwishlist:item=1979417829&perks=938542991,599007201,2030760728,3913600130
dimwishlist:item=1979417829&perks=938542991,599007201,2030760728,3708227201
dimwishlist:item=1979417829&perks=938542991,599007201,2244851822,2077819806
dimwishlist:item=1979417829&perks=938542991,599007201,2244851822,3913600130
dimwishlist:item=1979417829&perks=938542991,599007201,2244851822,3708227201
dimwishlist:item=1979417829&perks=938542991,2349202967,1749209109,2077819806
dimwishlist:item=1979417829&perks=938542991,2349202967,1749209109,3913600130
dimwishlist:item=1979417829&perks=938542991,2349202967,1749209109,3708227201
dimwishlist:item=1979417829&perks=938542991,2349202967,2030760728,2077819806
dimwishlist:item=1979417829&perks=938542991,2349202967,2030760728,3913600130
dimwishlist:item=1979417829&perks=938542991,2349202967,2030760728,3708227201
dimwishlist:item=1979417829&perks=938542991,2349202967,2244851822,2077819806
dimwishlist:item=1979417829&perks=938542991,2349202967,2244851822,3913600130
dimwishlist:item=1979417829&perks=938542991,2349202967,2244851822,3708227201
dimwishlist:item=1979417829&perks=938542991,269888150,1749209109,2077819806
dimwishlist:item=1979417829&perks=938542991,269888150,1749209109,3913600130
dimwishlist:item=1979417829&perks=938542991,269888150,1749209109,3708227201
dimwishlist:item=1979417829&perks=938542991,269888150,2030760728,2077819806
dimwishlist:item=1979417829&perks=938542991,269888150,2030760728,3913600130
dimwishlist:item=1979417829&perks=938542991,269888150,2030760728,3708227201
dimwishlist:item=1979417829&perks=938542991,269888150,2244851822,2077819806
dimwishlist:item=1979417829&perks=938542991,269888150,2244851822,3913600130
dimwishlist:item=1979417829&perks=938542991,269888150,2244851822,3708227201


// Scathelocke - 红衣威尔 (pve)
//notes: 起源特性能杀怪能上疲惫,在这方面比too的永燃炫目好且获取更简单,还可以反屏障(虽然效率不高),但永燃炫目射速更快 tags:pve
dimwishlist:item=3332538050&perks=839105230,1087426260,243981275,3891536761
dimwishlist:item=3332538050&perks=839105230,1087426260,3700496672,3891536761
dimwishlist:item=3332538050&perks=839105230,106909392,243981275,3891536761
dimwishlist:item=3332538050&perks=839105230,106909392,3700496672,3891536761
dimwishlist:item=3332538050&perks=839105230,3230963543,243981275,3891536761
dimwishlist:item=3332538050&perks=839105230,3230963543,3700496672,3891536761
dimwishlist:item=3332538050&perks=839105230,1885400500,243981275,3891536761
dimwishlist:item=3332538050&perks=839105230,1885400500,3700496672,3891536761
dimwishlist:item=3332538050&perks=1840239774,1087426260,243981275,3891536761
dimwishlist:item=3332538050&perks=1840239774,1087426260,3700496672,3891536761
dimwishlist:item=3332538050&perks=1840239774,106909392,243981275,3891536761
dimwishlist:item=3332538050&perks=1840239774,106909392,3700496672,3891536761
dimwishlist:item=3332538050&perks=1840239774,3230963543,243981275,3891536761
dimwishlist:item=3332538050&perks=1840239774,3230963543,3700496672,3891536761
dimwishlist:item=3332538050&perks=1840239774,1885400500,243981275,3891536761
dimwishlist:item=3332538050&perks=1840239774,1885400500,3700496672,3891536761
dimwishlist:item=3332538050&perks=4090651448,1087426260,243981275,3891536761
dimwishlist:item=3332538050&perks=4090651448,1087426260,3700496672,3891536761
dimwishlist:item=3332538050&perks=4090651448,106909392,243981275,3891536761
dimwishlist:item=3332538050&perks=4090651448,106909392,3700496672,3891536761
dimwishlist:item=3332538050&perks=4090651448,3230963543,243981275,3891536761
dimwishlist:item=3332538050&perks=4090651448,3230963543,3700496672,3891536761
dimwishlist:item=3332538050&perks=4090651448,1885400500,243981275,3891536761
dimwishlist:item=3332538050&perks=4090651448,1885400500,3700496672,3891536761


// Cartesian Coordinate - 笛卡尔坐标 (pve)
//notes: 补伤害的融合，可刷（也可以去roll至日的速射融合）。raid本的经典输出组合,金中为藏弹为日常打怪。 tags:pve
dimwishlist:item=3719824177&perks=839105230,689005463,3987942396,2594592626
dimwishlist:item=3719824177&perks=839105230,689005463,3987942396,3764420437
dimwishlist:item=3719824177&perks=839105230,689005463,3987942396,1427256713
dimwishlist:item=3719824177&perks=839105230,689005463,1523832109,2594592626
dimwishlist:item=3719824177&perks=839105230,689005463,1523832109,3764420437
dimwishlist:item=3719824177&perks=839105230,689005463,1523832109,1427256713
dimwishlist:item=3719824177&perks=839105230,689005463,1556840489,2594592626
dimwishlist:item=3719824177&perks=839105230,689005463,1556840489,3764420437
dimwishlist:item=3719824177&perks=839105230,689005463,1556840489,1427256713
dimwishlist:item=3719824177&perks=839105230,2680121939,3987942396,2594592626
dimwishlist:item=3719824177&perks=839105230,2680121939,3987942396,3764420437
dimwishlist:item=3719824177&perks=839105230,2680121939,3987942396,1427256713
dimwishlist:item=3719824177&perks=839105230,2680121939,1523832109,2594592626
dimwishlist:item=3719824177&perks=839105230,2680121939,1523832109,3764420437
dimwishlist:item=3719824177&perks=839105230,2680121939,1523832109,1427256713
dimwishlist:item=3719824177&perks=839105230,2680121939,1556840489,2594592626
dimwishlist:item=3719824177&perks=839105230,2680121939,1556840489,3764420437
dimwishlist:item=3719824177&perks=839105230,2680121939,1556840489,1427256713
dimwishlist:item=3719824177&perks=839105230,3868766766,3987942396,2594592626
dimwishlist:item=3719824177&perks=839105230,3868766766,3987942396,3764420437
dimwishlist:item=3719824177&perks=839105230,3868766766,3987942396,1427256713
dimwishlist:item=3719824177&perks=839105230,3868766766,1523832109,2594592626
dimwishlist:item=3719824177&perks=839105230,3868766766,1523832109,3764420437
dimwishlist:item=3719824177&perks=839105230,3868766766,1523832109,1427256713
dimwishlist:item=3719824177&perks=839105230,3868766766,1556840489,2594592626
dimwishlist:item=3719824177&perks=839105230,3868766766,1556840489,3764420437
dimwishlist:item=3719824177&perks=839105230,3868766766,1556840489,1427256713
dimwishlist:item=3719824177&perks=1840239774,689005463,3987942396,2594592626
dimwishlist:item=3719824177&perks=1840239774,689005463,3987942396,3764420437
dimwishlist:item=3719824177&perks=1840239774,689005463,3987942396,1427256713
dimwishlist:item=3719824177&perks=1840239774,689005463,1523832109,2594592626
dimwishlist:item=3719824177&perks=1840239774,689005463,1523832109,3764420437
dimwishlist:item=3719824177&perks=1840239774,689005463,1523832109,1427256713
dimwishlist:item=3719824177&perks=1840239774,689005463,1556840489,2594592626
dimwishlist:item=3719824177&perks=1840239774,689005463,1556840489,3764420437
dimwishlist:item=3719824177&perks=1840239774,689005463,1556840489,1427256713
dimwishlist:item=3719824177&perks=1840239774,2680121939,3987942396,2594592626
dimwishlist:item=3719824177&perks=1840239774,2680121939,3987942396,3764420437
dimwishlist:item=3719824177&perks=1840239774,2680121939,3987942396,1427256713
dimwishlist:item=3719824177&perks=1840239774,2680121939,1523832109,2594592626
dimwishlist:item=3719824177&perks=1840239774,2680121939,1523832109,3764420437
dimwishlist:item=3719824177&perks=1840239774,2680121939,1523832109,1427256713
dimwishlist:item=3719824177&perks=1840239774,2680121939,1556840489,2594592626
dimwishlist:item=3719824177&perks=1840239774,2680121939,1556840489,3764420437
dimwishlist:item=3719824177&perks=1840239774,2680121939,1556840489,1427256713
dimwishlist:item=3719824177&perks=1840239774,3868766766,3987942396,2594592626
dimwishlist:item=3719824177&perks=1840239774,3868766766,3987942396,3764420437
dimwishlist:item=3719824177&perks=1840239774,3868766766,3987942396,1427256713
dimwishlist:item=3719824177&perks=1840239774,3868766766,1523832109,2594592626
dimwishlist:item=3719824177&perks=1840239774,3868766766,1523832109,3764420437
dimwishlist:item=3719824177&perks=1840239774,3868766766,1523832109,1427256713
dimwishlist:item=3719824177&perks=1840239774,3868766766,1556840489,2594592626
dimwishlist:item=3719824177&perks=1840239774,3868766766,1556840489,3764420437
dimwishlist:item=3719824177&perks=1840239774,3868766766,1556840489,1427256713
dimwishlist:item=3719824177&perks=4090651448,689005463,3987942396,2594592626
dimwishlist:item=3719824177&perks=4090651448,689005463,3987942396,3764420437
dimwishlist:item=3719824177&perks=4090651448,689005463,3987942396,1427256713
dimwishlist:item=3719824177&perks=4090651448,689005463,1523832109,2594592626
dimwishlist:item=3719824177&perks=4090651448,689005463,1523832109,3764420437
dimwishlist:item=3719824177&perks=4090651448,689005463,1523832109,1427256713
dimwishlist:item=3719824177&perks=4090651448,689005463,1556840489,2594592626
dimwishlist:item=3719824177&perks=4090651448,689005463,1556840489,3764420437
dimwishlist:item=3719824177&perks=4090651448,689005463,1556840489,1427256713
dimwishlist:item=3719824177&perks=4090651448,2680121939,3987942396,2594592626
dimwishlist:item=3719824177&perks=4090651448,2680121939,3987942396,3764420437
dimwishlist:item=3719824177&perks=4090651448,2680121939,3987942396,1427256713
dimwishlist:item=3719824177&perks=4090651448,2680121939,1523832109,2594592626
dimwishlist:item=3719824177&perks=4090651448,2680121939,1523832109,3764420437
dimwishlist:item=3719824177&perks=4090651448,2680121939,1523832109,1427256713
dimwishlist:item=3719824177&perks=4090651448,2680121939,1556840489,2594592626
dimwishlist:item=3719824177&perks=4090651448,2680121939,1556840489,3764420437
dimwishlist:item=3719824177&perks=4090651448,2680121939,1556840489,1427256713
dimwishlist:item=3719824177&perks=4090651448,3868766766,3987942396,2594592626
dimwishlist:item=3719824177&perks=4090651448,3868766766,3987942396,3764420437
dimwishlist:item=3719824177&perks=4090651448,3868766766,3987942396,1427256713
dimwishlist:item=3719824177&perks=4090651448,3868766766,1523832109,2594592626
dimwishlist:item=3719824177&perks=4090651448,3868766766,1523832109,3764420437
dimwishlist:item=3719824177&perks=4090651448,3868766766,1523832109,1427256713
dimwishlist:item=3719824177&perks=4090651448,3868766766,1556840489,2594592626
dimwishlist:item=3719824177&perks=4090651448,3868766766,1556840489,3764420437
dimwishlist:item=3719824177&perks=4090651448,3868766766,1556840489,1427256713


// Parabellum - 帕拉贝伦 (pve)
//notes: 火属性反屏障微冲，池子比岁时之巅差点,能量球和aoe在同一位置,但优点是作为适配框架能反屏障(虽然效率不高),需要反勇士可以回转+能量球 tags:pve
dimwishlist:item=3769072067&perks=839105230,1087426260,3418782618,243981275
dimwishlist:item=3769072067&perks=839105230,1087426260,3418782618,2890807135
dimwishlist:item=3769072067&perks=839105230,1087426260,3017780555,243981275
dimwishlist:item=3769072067&perks=839105230,1087426260,3017780555,2890807135
dimwishlist:item=3769072067&perks=839105230,1087426260,4019266109,243981275
dimwishlist:item=3769072067&perks=839105230,1087426260,4019266109,2890807135
dimwishlist:item=3769072067&perks=839105230,106909392,3418782618,243981275
dimwishlist:item=3769072067&perks=839105230,106909392,3418782618,2890807135
dimwishlist:item=3769072067&perks=839105230,106909392,3017780555,243981275
dimwishlist:item=3769072067&perks=839105230,106909392,3017780555,2890807135
dimwishlist:item=3769072067&perks=839105230,106909392,4019266109,243981275
dimwishlist:item=3769072067&perks=839105230,106909392,4019266109,2890807135
dimwishlist:item=3769072067&perks=839105230,3230963543,3418782618,243981275
dimwishlist:item=3769072067&perks=839105230,3230963543,3418782618,2890807135
dimwishlist:item=3769072067&perks=839105230,3230963543,3017780555,243981275
dimwishlist:item=3769072067&perks=839105230,3230963543,3017780555,2890807135
dimwishlist:item=3769072067&perks=839105230,3230963543,4019266109,243981275
dimwishlist:item=3769072067&perks=839105230,3230963543,4019266109,2890807135
dimwishlist:item=3769072067&perks=839105230,679225683,3418782618,243981275
dimwishlist:item=3769072067&perks=839105230,679225683,3418782618,2890807135
dimwishlist:item=3769072067&perks=839105230,679225683,3017780555,243981275
dimwishlist:item=3769072067&perks=839105230,679225683,3017780555,2890807135
dimwishlist:item=3769072067&perks=839105230,679225683,4019266109,243981275
dimwishlist:item=3769072067&perks=839105230,679225683,4019266109,2890807135
dimwishlist:item=3769072067&perks=4090651448,1087426260,3418782618,243981275
dimwishlist:item=3769072067&perks=4090651448,1087426260,3418782618,2890807135
dimwishlist:item=3769072067&perks=4090651448,1087426260,3017780555,243981275
dimwishlist:item=3769072067&perks=4090651448,1087426260,3017780555,2890807135
dimwishlist:item=3769072067&perks=4090651448,1087426260,4019266109,243981275
dimwishlist:item=3769072067&perks=4090651448,1087426260,4019266109,2890807135
dimwishlist:item=3769072067&perks=4090651448,106909392,3418782618,243981275
dimwishlist:item=3769072067&perks=4090651448,106909392,3418782618,2890807135
dimwishlist:item=3769072067&perks=4090651448,106909392,3017780555,243981275
dimwishlist:item=3769072067&perks=4090651448,106909392,3017780555,2890807135
dimwishlist:item=3769072067&perks=4090651448,106909392,4019266109,243981275
dimwishlist:item=3769072067&perks=4090651448,106909392,4019266109,2890807135
dimwishlist:item=3769072067&perks=4090651448,3230963543,3418782618,243981275
dimwishlist:item=3769072067&perks=4090651448,3230963543,3418782618,2890807135
dimwishlist:item=3769072067&perks=4090651448,3230963543,3017780555,243981275
dimwishlist:item=3769072067&perks=4090651448,3230963543,3017780555,2890807135
dimwishlist:item=3769072067&perks=4090651448,3230963543,4019266109,243981275
dimwishlist:item=3769072067&perks=4090651448,3230963543,4019266109,2890807135
dimwishlist:item=3769072067&perks=4090651448,679225683,3418782618,243981275
dimwishlist:item=3769072067&perks=4090651448,679225683,3418782618,2890807135
dimwishlist:item=3769072067&perks=4090651448,679225683,3017780555,243981275
dimwishlist:item=3769072067&perks=4090651448,679225683,3017780555,2890807135
dimwishlist:item=3769072067&perks=4090651448,679225683,4019266109,243981275
dimwishlist:item=3769072067&perks=4090651448,679225683,4019266109,2890807135
dimwishlist:item=3769072067&perks=1840239774,1087426260,3418782618,243981275
dimwishlist:item=3769072067&perks=1840239774,1087426260,3418782618,2890807135
dimwishlist:item=3769072067&perks=1840239774,1087426260,3017780555,243981275
dimwishlist:item=3769072067&perks=1840239774,1087426260,3017780555,2890807135
dimwishlist:item=3769072067&perks=1840239774,1087426260,4019266109,243981275
dimwishlist:item=3769072067&perks=1840239774,1087426260,4019266109,2890807135
dimwishlist:item=3769072067&perks=1840239774,106909392,3418782618,243981275
dimwishlist:item=3769072067&perks=1840239774,106909392,3418782618,2890807135
dimwishlist:item=3769072067&perks=1840239774,106909392,3017780555,243981275
dimwishlist:item=3769072067&perks=1840239774,106909392,3017780555,2890807135
dimwishlist:item=3769072067&perks=1840239774,106909392,4019266109,243981275
dimwishlist:item=3769072067&perks=1840239774,106909392,4019266109,2890807135
dimwishlist:item=3769072067&perks=1840239774,3230963543,3418782618,243981275
dimwishlist:item=3769072067&perks=1840239774,3230963543,3418782618,2890807135
dimwishlist:item=3769072067&perks=1840239774,3230963543,3017780555,243981275
dimwishlist:item=3769072067&perks=1840239774,3230963543,3017780555,2890807135
dimwishlist:item=3769072067&perks=1840239774,3230963543,4019266109,243981275
dimwishlist:item=3769072067&perks=1840239774,3230963543,4019266109,2890807135
dimwishlist:item=3769072067&perks=1840239774,679225683,3418782618,243981275
dimwishlist:item=3769072067&perks=1840239774,679225683,3418782618,2890807135
dimwishlist:item=3769072067&perks=1840239774,679225683,3017780555,243981275
dimwishlist:item=3769072067&perks=1840239774,679225683,3017780555,2890807135
dimwishlist:item=3769072067&perks=1840239774,679225683,4019266109,243981275
dimwishlist:item=3769072067&perks=1840239774,679225683,4019266109,2890807135
dimwishlist:item=3769072067&perks=1482024992,1087426260,3418782618,243981275
dimwishlist:item=3769072067&perks=1482024992,1087426260,3418782618,2890807135
dimwishlist:item=3769072067&perks=1482024992,1087426260,3017780555,243981275
dimwishlist:item=3769072067&perks=1482024992,1087426260,3017780555,2890807135
dimwishlist:item=3769072067&perks=1482024992,1087426260,4019266109,243981275
dimwishlist:item=3769072067&perks=1482024992,1087426260,4019266109,2890807135
dimwishlist:item=3769072067&perks=1482024992,106909392,3418782618,243981275
dimwishlist:item=3769072067&perks=1482024992,106909392,3418782618,2890807135
dimwishlist:item=3769072067&perks=1482024992,106909392,3017780555,243981275
dimwishlist:item=3769072067&perks=1482024992,106909392,3017780555,2890807135
dimwishlist:item=3769072067&perks=1482024992,106909392,4019266109,243981275
dimwishlist:item=3769072067&perks=1482024992,106909392,4019266109,2890807135
dimwishlist:item=3769072067&perks=1482024992,3230963543,3418782618,243981275
dimwishlist:item=3769072067&perks=1482024992,3230963543,3418782618,2890807135
dimwishlist:item=3769072067&perks=1482024992,3230963543,3017780555,243981275
dimwishlist:item=3769072067&perks=1482024992,3230963543,3017780555,2890807135
dimwishlist:item=3769072067&perks=1482024992,3230963543,4019266109,243981275
dimwishlist:item=3769072067&perks=1482024992,3230963543,4019266109,2890807135
dimwishlist:item=3769072067&perks=1482024992,679225683,3418782618,243981275
dimwishlist:item=3769072067&perks=1482024992,679225683,3418782618,2890807135
dimwishlist:item=3769072067&perks=1482024992,679225683,3017780555,243981275
dimwishlist:item=3769072067&perks=1482024992,679225683,3017780555,2890807135
dimwishlist:item=3769072067&perks=1482024992,679225683,4019266109,243981275
dimwishlist:item=3769072067&perks=1482024992,679225683,4019266109,2890807135


// Last Foray - 最后劫掠 (pve)
//notes: 小众配装玩的输出攻击狙 tags:pve
dimwishlist:item=4118936670&perks=839105230,106909392,3418782618,555281244
dimwishlist:item=4118936670&perks=839105230,106909392,3418782618,3078487919
dimwishlist:item=4118936670&perks=839105230,106909392,3418782618,3751912585
dimwishlist:item=4118936670&perks=839105230,106909392,968510818,555281244
dimwishlist:item=4118936670&perks=839105230,106909392,968510818,3078487919
dimwishlist:item=4118936670&perks=839105230,106909392,968510818,3751912585
dimwishlist:item=4118936670&perks=839105230,3230963543,3418782618,555281244
dimwishlist:item=4118936670&perks=839105230,3230963543,3418782618,3078487919
dimwishlist:item=4118936670&perks=839105230,3230963543,3418782618,3751912585
dimwishlist:item=4118936670&perks=839105230,3230963543,968510818,555281244
dimwishlist:item=4118936670&perks=839105230,3230963543,968510818,3078487919
dimwishlist:item=4118936670&perks=839105230,3230963543,968510818,3751912585
dimwishlist:item=4118936670&perks=839105230,1087426260,3418782618,555281244
dimwishlist:item=4118936670&perks=839105230,1087426260,3418782618,3078487919
dimwishlist:item=4118936670&perks=839105230,1087426260,3418782618,3751912585
dimwishlist:item=4118936670&perks=839105230,1087426260,968510818,555281244
dimwishlist:item=4118936670&perks=839105230,1087426260,968510818,3078487919
dimwishlist:item=4118936670&perks=839105230,1087426260,968510818,3751912585
dimwishlist:item=4118936670&perks=4090651448,106909392,3418782618,555281244
dimwishlist:item=4118936670&perks=4090651448,106909392,3418782618,3078487919
dimwishlist:item=4118936670&perks=4090651448,106909392,3418782618,3751912585
dimwishlist:item=4118936670&perks=4090651448,106909392,968510818,555281244
dimwishlist:item=4118936670&perks=4090651448,106909392,968510818,3078487919
dimwishlist:item=4118936670&perks=4090651448,106909392,968510818,3751912585
dimwishlist:item=4118936670&perks=4090651448,3230963543,3418782618,555281244
dimwishlist:item=4118936670&perks=4090651448,3230963543,3418782618,3078487919
dimwishlist:item=4118936670&perks=4090651448,3230963543,3418782618,3751912585
dimwishlist:item=4118936670&perks=4090651448,3230963543,968510818,555281244
dimwishlist:item=4118936670&perks=4090651448,3230963543,968510818,3078487919
dimwishlist:item=4118936670&perks=4090651448,3230963543,968510818,3751912585
dimwishlist:item=4118936670&perks=4090651448,1087426260,3418782618,555281244
dimwishlist:item=4118936670&perks=4090651448,1087426260,3418782618,3078487919
dimwishlist:item=4118936670&perks=4090651448,1087426260,3418782618,3751912585
dimwishlist:item=4118936670&perks=4090651448,1087426260,968510818,555281244
dimwishlist:item=4118936670&perks=4090651448,1087426260,968510818,3078487919
dimwishlist:item=4118936670&perks=4090651448,1087426260,968510818,3751912585
dimwishlist:item=4118936670&perks=1840239774,106909392,3418782618,555281244
dimwishlist:item=4118936670&perks=1840239774,106909392,3418782618,3078487919
dimwishlist:item=4118936670&perks=1840239774,106909392,3418782618,3751912585
dimwishlist:item=4118936670&perks=1840239774,106909392,968510818,555281244
dimwishlist:item=4118936670&perks=1840239774,106909392,968510818,3078487919
dimwishlist:item=4118936670&perks=1840239774,106909392,968510818,3751912585
dimwishlist:item=4118936670&perks=1840239774,3230963543,3418782618,555281244
dimwishlist:item=4118936670&perks=1840239774,3230963543,3418782618,3078487919
dimwishlist:item=4118936670&perks=1840239774,3230963543,3418782618,3751912585
dimwishlist:item=4118936670&perks=1840239774,3230963543,968510818,555281244
dimwishlist:item=4118936670&perks=1840239774,3230963543,968510818,3078487919
dimwishlist:item=4118936670&perks=1840239774,3230963543,968510818,3751912585
dimwishlist:item=4118936670&perks=1840239774,1087426260,3418782618,555281244
dimwishlist:item=4118936670&perks=1840239774,1087426260,3418782618,3078487919
dimwishlist:item=4118936670&perks=1840239774,1087426260,3418782618,3751912585
dimwishlist:item=4118936670&perks=1840239774,1087426260,968510818,555281244
dimwishlist:item=4118936670&perks=1840239774,1087426260,968510818,3078487919
dimwishlist:item=4118936670&perks=1840239774,1087426260,968510818,3751912585


