title:目的地-涅索斯
description:凯旋纪念碑

// True Prophecy - 真实预言 (pve)
//notes: 不推荐，perk池和起源特性清怪竞争力都不足，电pve手炮有大量上位替代 tags:pve
dimwishlist:item=960948343&perks=839105230,106909392,1115162408,3038247973
dimwishlist:item=960948343&perks=839105230,106909392,1115162408,3966416502
dimwishlist:item=960948343&perks=839105230,106909392,2458610193,3038247973
dimwishlist:item=960948343&perks=839105230,106909392,2458610193,3966416502
dimwishlist:item=960948343&perks=839105230,3230963543,1115162408,3038247973
dimwishlist:item=960948343&perks=839105230,3230963543,1115162408,3966416502
dimwishlist:item=960948343&perks=839105230,3230963543,2458610193,3038247973
dimwishlist:item=960948343&perks=839105230,3230963543,2458610193,3966416502
dimwishlist:item=960948343&perks=4090651448,106909392,1115162408,3038247973
dimwishlist:item=960948343&perks=4090651448,106909392,1115162408,3966416502
dimwishlist:item=960948343&perks=4090651448,106909392,2458610193,3038247973
dimwishlist:item=960948343&perks=4090651448,106909392,2458610193,3966416502
dimwishlist:item=960948343&perks=4090651448,3230963543,1115162408,3038247973
dimwishlist:item=960948343&perks=4090651448,3230963543,1115162408,3966416502
dimwishlist:item=960948343&perks=4090651448,3230963543,2458610193,3038247973
dimwishlist:item=960948343&perks=4090651448,3230963543,2458610193,3966416502
dimwishlist:item=960948343&perks=1840239774,106909392,1115162408,3038247973
dimwishlist:item=960948343&perks=1840239774,106909392,1115162408,3966416502
dimwishlist:item=960948343&perks=1840239774,106909392,2458610193,3038247973
dimwishlist:item=960948343&perks=1840239774,106909392,2458610193,3966416502
dimwishlist:item=960948343&perks=1840239774,3230963543,1115162408,3038247973
dimwishlist:item=960948343&perks=1840239774,3230963543,1115162408,3966416502
dimwishlist:item=960948343&perks=1840239774,3230963543,2458610193,3038247973
dimwishlist:item=960948343&perks=1840239774,3230963543,2458610193,3966416502


// The Deicide - 弑神者 (pve)
//notes: 有起源特性可以考虑用来输出，偏玩具，否则当正常打拳喷用 tags:pve
dimwishlist:item=1517780158&perks=1482024992,1087426260,3300816228,2360754333
dimwishlist:item=1517780158&perks=1482024992,1087426260,3300816228,3751912585
dimwishlist:item=1517780158&perks=1482024992,1087426260,3300816228,2679249093
dimwishlist:item=1517780158&perks=1482024992,106909392,3300816228,2360754333
dimwishlist:item=1517780158&perks=1482024992,106909392,3300816228,3751912585
dimwishlist:item=1517780158&perks=1482024992,106909392,3300816228,2679249093
dimwishlist:item=1517780158&perks=4090651448,1087426260,3300816228,2360754333
dimwishlist:item=1517780158&perks=4090651448,1087426260,3300816228,3751912585
dimwishlist:item=1517780158&perks=4090651448,1087426260,3300816228,2679249093
dimwishlist:item=1517780158&perks=4090651448,106909392,3300816228,2360754333
dimwishlist:item=1517780158&perks=4090651448,106909392,3300816228,3751912585
dimwishlist:item=1517780158&perks=4090651448,106909392,3300816228,2679249093
dimwishlist:item=1517780158&perks=1332244541,1087426260,3300816228,2360754333
dimwishlist:item=1517780158&perks=1332244541,1087426260,3300816228,3751912585
dimwishlist:item=1517780158&perks=1332244541,1087426260,3300816228,2679249093
dimwishlist:item=1517780158&perks=1332244541,106909392,3300816228,2360754333
dimwishlist:item=1517780158&perks=1332244541,106909392,3300816228,3751912585
dimwishlist:item=1517780158&perks=1332244541,106909392,3300816228,2679249093
dimwishlist:item=1517780158&perks=1047830412,1087426260,3300816228,2360754333
dimwishlist:item=1517780158&perks=1047830412,1087426260,3300816228,3751912585
dimwishlist:item=1517780158&perks=1047830412,1087426260,3300816228,2679249093
dimwishlist:item=1517780158&perks=1047830412,106909392,3300816228,2360754333
dimwishlist:item=1517780158&perks=1047830412,106909392,3300816228,3751912585
dimwishlist:item=1517780158&perks=1047830412,106909392,3300816228,2679249093


// Pluperfect - 过去完成时 (pve)
//notes: tags:pve
dimwishlist:item=2203881482&perks=839105230,3230963543,3418782618,3891536761
dimwishlist:item=2203881482&perks=839105230,3230963543,3523296417,3891536761
dimwishlist:item=2203881482&perks=839105230,106909392,3418782618,3891536761
dimwishlist:item=2203881482&perks=839105230,106909392,3523296417,3891536761
dimwishlist:item=2203881482&perks=4090651448,3230963543,3418782618,3891536761
dimwishlist:item=2203881482&perks=4090651448,3230963543,3523296417,3891536761
dimwishlist:item=2203881482&perks=4090651448,106909392,3418782618,3891536761
dimwishlist:item=2203881482&perks=4090651448,106909392,3523296417,3891536761
dimwishlist:item=2203881482&perks=1840239774,3230963543,3418782618,3891536761
dimwishlist:item=2203881482&perks=1840239774,3230963543,3523296417,3891536761
dimwishlist:item=2203881482&perks=1840239774,106909392,3418782618,3891536761
dimwishlist:item=2203881482&perks=1840239774,106909392,3523296417,3891536761


// Trophy Hunter - 战利品猎人 (pve)
//notes: 弹匣为5时，积累5层起源特性能达到单弹匣10发 tags:pve
dimwishlist:item=2566169398&perks=839105230,1087426260,3300816228,3078487919
dimwishlist:item=2566169398&perks=839105230,1087426260,3300816228,3764420437
dimwishlist:item=2566169398&perks=839105230,1087426260,3300816228,555281244
dimwishlist:item=2566169398&perks=839105230,1087426260,3400784728,3078487919
dimwishlist:item=2566169398&perks=839105230,1087426260,3400784728,3764420437
dimwishlist:item=2566169398&perks=839105230,1087426260,3400784728,555281244
dimwishlist:item=2566169398&perks=839105230,106909392,3300816228,3078487919
dimwishlist:item=2566169398&perks=839105230,106909392,3300816228,3764420437
dimwishlist:item=2566169398&perks=839105230,106909392,3300816228,555281244
dimwishlist:item=2566169398&perks=839105230,106909392,3400784728,3078487919
dimwishlist:item=2566169398&perks=839105230,106909392,3400784728,3764420437
dimwishlist:item=2566169398&perks=839105230,106909392,3400784728,555281244
dimwishlist:item=2566169398&perks=4090651448,1087426260,3300816228,3078487919
dimwishlist:item=2566169398&perks=4090651448,1087426260,3300816228,3764420437
dimwishlist:item=2566169398&perks=4090651448,1087426260,3300816228,555281244
dimwishlist:item=2566169398&perks=4090651448,1087426260,3400784728,3078487919
dimwishlist:item=2566169398&perks=4090651448,1087426260,3400784728,3764420437
dimwishlist:item=2566169398&perks=4090651448,1087426260,3400784728,555281244
dimwishlist:item=2566169398&perks=4090651448,106909392,3300816228,3078487919
dimwishlist:item=2566169398&perks=4090651448,106909392,3300816228,3764420437
dimwishlist:item=2566169398&perks=4090651448,106909392,3300816228,555281244
dimwishlist:item=2566169398&perks=4090651448,106909392,3400784728,3078487919
dimwishlist:item=2566169398&perks=4090651448,106909392,3400784728,3764420437
dimwishlist:item=2566169398&perks=4090651448,106909392,3400784728,555281244
dimwishlist:item=2566169398&perks=1840239774,1087426260,3300816228,3078487919
dimwishlist:item=2566169398&perks=1840239774,1087426260,3300816228,3764420437
dimwishlist:item=2566169398&perks=1840239774,1087426260,3300816228,555281244
dimwishlist:item=2566169398&perks=1840239774,1087426260,3400784728,3078487919
dimwishlist:item=2566169398&perks=1840239774,1087426260,3400784728,3764420437
dimwishlist:item=2566169398&perks=1840239774,1087426260,3400784728,555281244
dimwishlist:item=2566169398&perks=1840239774,106909392,3300816228,3078487919
dimwishlist:item=2566169398&perks=1840239774,106909392,3300816228,3764420437
dimwishlist:item=2566169398&perks=1840239774,106909392,3300816228,555281244
dimwishlist:item=2566169398&perks=1840239774,106909392,3400784728,3078487919
dimwishlist:item=2566169398&perks=1840239774,106909392,3400784728,3764420437
dimwishlist:item=2566169398&perks=1840239774,106909392,3400784728,555281244
dimwishlist:item=2566169398&perks=1392496348,1087426260,3300816228,3078487919
dimwishlist:item=2566169398&perks=1392496348,1087426260,3300816228,3764420437
dimwishlist:item=2566169398&perks=1392496348,1087426260,3300816228,555281244
dimwishlist:item=2566169398&perks=1392496348,1087426260,3400784728,3078487919
dimwishlist:item=2566169398&perks=1392496348,1087426260,3400784728,3764420437
dimwishlist:item=2566169398&perks=1392496348,1087426260,3400784728,555281244
dimwishlist:item=2566169398&perks=1392496348,106909392,3300816228,3078487919
dimwishlist:item=2566169398&perks=1392496348,106909392,3300816228,3764420437
dimwishlist:item=2566169398&perks=1392496348,106909392,3300816228,555281244
dimwishlist:item=2566169398&perks=1392496348,106909392,3400784728,3078487919
dimwishlist:item=2566169398&perks=1392496348,106909392,3400784728,3764420437
dimwishlist:item=2566169398&perks=1392496348,106909392,3400784728,555281244
dimwishlist:item=2566169398&perks=1482024992,1087426260,3300816228,3078487919
dimwishlist:item=2566169398&perks=1482024992,1087426260,3300816228,3764420437
dimwishlist:item=2566169398&perks=1482024992,1087426260,3300816228,555281244
dimwishlist:item=2566169398&perks=1482024992,1087426260,3400784728,3078487919
dimwishlist:item=2566169398&perks=1482024992,1087426260,3400784728,3764420437
dimwishlist:item=2566169398&perks=1482024992,1087426260,3400784728,555281244
dimwishlist:item=2566169398&perks=1482024992,106909392,3300816228,3078487919
dimwishlist:item=2566169398&perks=1482024992,106909392,3300816228,3764420437
dimwishlist:item=2566169398&perks=1482024992,106909392,3300816228,555281244
dimwishlist:item=2566169398&perks=1482024992,106909392,3400784728,3078487919
dimwishlist:item=2566169398&perks=1482024992,106909392,3400784728,3764420437
dimwishlist:item=2566169398&perks=1482024992,106909392,3400784728,555281244


// Temporal Clause - 时间子句 (pve)
//notes: 常规火机枪，四号位不用补燃烧层数就不带燃烧野心，日常击杀记录足够 tags:pve
dimwishlist:item=3132669561&perks=839105230,1087426260,4293542123,2890807135
dimwishlist:item=3132669561&perks=839105230,3230963543,4293542123,2890807135
dimwishlist:item=3132669561&perks=839105230,106909392,4293542123,2890807135
dimwishlist:item=3132669561&perks=4090651448,1087426260,4293542123,2890807135
dimwishlist:item=3132669561&perks=4090651448,3230963543,4293542123,2890807135
dimwishlist:item=3132669561&perks=4090651448,106909392,4293542123,2890807135
dimwishlist:item=3132669561&perks=1840239774,1087426260,4293542123,2890807135
dimwishlist:item=3132669561&perks=1840239774,3230963543,4293542123,2890807135
dimwishlist:item=3132669561&perks=1840239774,106909392,4293542123,2890807135


// Temporal Clause - 时间子句 (pve)
//notes: 常规火机枪，四号位不用补燃烧层数就不带燃烧野心，日常击杀记录足够 tags:pve
dimwishlist:item=3132669561&perks=839105230,1087426260,1354429876,557221067
dimwishlist:item=3132669561&perks=839105230,1087426260,3523296417,557221067
dimwishlist:item=3132669561&perks=839105230,106909392,1354429876,557221067
dimwishlist:item=3132669561&perks=839105230,106909392,3523296417,557221067
dimwishlist:item=3132669561&perks=839105230,3230963543,1354429876,557221067
dimwishlist:item=3132669561&perks=839105230,3230963543,3523296417,557221067
dimwishlist:item=3132669561&perks=4090651448,1087426260,1354429876,557221067
dimwishlist:item=3132669561&perks=4090651448,1087426260,3523296417,557221067
dimwishlist:item=3132669561&perks=4090651448,106909392,1354429876,557221067
dimwishlist:item=3132669561&perks=4090651448,106909392,3523296417,557221067
dimwishlist:item=3132669561&perks=4090651448,3230963543,1354429876,557221067
dimwishlist:item=3132669561&perks=4090651448,3230963543,3523296417,557221067
dimwishlist:item=3132669561&perks=1840239774,1087426260,1354429876,557221067
dimwishlist:item=3132669561&perks=1840239774,1087426260,3523296417,557221067
dimwishlist:item=3132669561&perks=1840239774,106909392,1354429876,557221067
dimwishlist:item=3132669561&perks=1840239774,106909392,3523296417,557221067
dimwishlist:item=3132669561&perks=1840239774,3230963543,1354429876,557221067
dimwishlist:item=3132669561&perks=1840239774,3230963543,3523296417,557221067


// Pyroclastic Flow - 火山洪流 (pve)
//notes: 起源特性在命中两发后达到最大，此时弹匣容量为2，相当于小丑皇。使用危险区域+双脚架时，得益于精密框架备弹量更大和伤害更低，增加了使用次数 tags:pve
dimwishlist:item=3161496501&perks=1478423395,2985827016,960810156,1439600632
dimwishlist:item=3161496501&perks=1478423395,2822142346,960810156,1439600632
dimwishlist:item=3161496501&perks=1478423395,3796465595,960810156,1439600632
dimwishlist:item=3161496501&perks=981914802,2985827016,960810156,1439600632
dimwishlist:item=3161496501&perks=981914802,2822142346,960810156,1439600632
dimwishlist:item=3161496501&perks=981914802,3796465595,960810156,1439600632
dimwishlist:item=3161496501&perks=1441682018,2985827016,960810156,1439600632
dimwishlist:item=3161496501&perks=1441682018,2822142346,960810156,1439600632
dimwishlist:item=3161496501&perks=1441682018,3796465595,960810156,1439600632
dimwishlist:item=3161496501&perks=3525010810,2985827016,960810156,1439600632
dimwishlist:item=3161496501&perks=3525010810,2822142346,960810156,1439600632
dimwishlist:item=3161496501&perks=3525010810,3796465595,960810156,1439600632
dimwishlist:item=3161496501&perks=3798852852,2985827016,960810156,1439600632
dimwishlist:item=3161496501&perks=3798852852,2822142346,960810156,1439600632
dimwishlist:item=3161496501&perks=3798852852,3796465595,960810156,1439600632


// Pyroclastic Flow - 火山洪流 (pve)
//notes: 起源特性在命中两发后达到最大，此时弹匣容量为2，相当于小丑皇。使用危险区域+双脚架时，得益于精密框架备弹量更大和伤害更低，增加了使用次数 tags:pve
dimwishlist:item=3161496501&perks=1478423395,2822142346,3300816228,3078487919
dimwishlist:item=3161496501&perks=1478423395,2822142346,3300816228,1439600632
dimwishlist:item=3161496501&perks=1478423395,2822142346,3300816228,3764420437
dimwishlist:item=3161496501&perks=1478423395,2822142346,3300816228,3708227201
dimwishlist:item=3161496501&perks=1478423395,2822142346,3300816228,3194351027
dimwishlist:item=3161496501&perks=1478423395,2822142346,1275731761,3078487919
dimwishlist:item=3161496501&perks=1478423395,2822142346,1275731761,1439600632
dimwishlist:item=3161496501&perks=1478423395,2822142346,1275731761,3764420437
dimwishlist:item=3161496501&perks=1478423395,2822142346,1275731761,3708227201
dimwishlist:item=3161496501&perks=1478423395,2822142346,1275731761,3194351027
dimwishlist:item=3161496501&perks=1478423395,3796465595,3300816228,3078487919
dimwishlist:item=3161496501&perks=1478423395,3796465595,3300816228,1439600632
dimwishlist:item=3161496501&perks=1478423395,3796465595,3300816228,3764420437
dimwishlist:item=3161496501&perks=1478423395,3796465595,3300816228,3708227201
dimwishlist:item=3161496501&perks=1478423395,3796465595,3300816228,3194351027
dimwishlist:item=3161496501&perks=1478423395,3796465595,1275731761,3078487919
dimwishlist:item=3161496501&perks=1478423395,3796465595,1275731761,1439600632
dimwishlist:item=3161496501&perks=1478423395,3796465595,1275731761,3764420437
dimwishlist:item=3161496501&perks=1478423395,3796465595,1275731761,3708227201
dimwishlist:item=3161496501&perks=1478423395,3796465595,1275731761,3194351027
dimwishlist:item=3161496501&perks=981914802,2822142346,3300816228,3078487919
dimwishlist:item=3161496501&perks=981914802,2822142346,3300816228,1439600632
dimwishlist:item=3161496501&perks=981914802,2822142346,3300816228,3764420437
dimwishlist:item=3161496501&perks=981914802,2822142346,3300816228,3708227201
dimwishlist:item=3161496501&perks=981914802,2822142346,3300816228,3194351027
dimwishlist:item=3161496501&perks=981914802,2822142346,1275731761,3078487919
dimwishlist:item=3161496501&perks=981914802,2822142346,1275731761,1439600632
dimwishlist:item=3161496501&perks=981914802,2822142346,1275731761,3764420437
dimwishlist:item=3161496501&perks=981914802,2822142346,1275731761,3708227201
dimwishlist:item=3161496501&perks=981914802,2822142346,1275731761,3194351027
dimwishlist:item=3161496501&perks=981914802,3796465595,3300816228,3078487919
dimwishlist:item=3161496501&perks=981914802,3796465595,3300816228,1439600632
dimwishlist:item=3161496501&perks=981914802,3796465595,3300816228,3764420437
dimwishlist:item=3161496501&perks=981914802,3796465595,3300816228,3708227201
dimwishlist:item=3161496501&perks=981914802,3796465595,3300816228,3194351027
dimwishlist:item=3161496501&perks=981914802,3796465595,1275731761,3078487919
dimwishlist:item=3161496501&perks=981914802,3796465595,1275731761,1439600632
dimwishlist:item=3161496501&perks=981914802,3796465595,1275731761,3764420437
dimwishlist:item=3161496501&perks=981914802,3796465595,1275731761,3708227201
dimwishlist:item=3161496501&perks=981914802,3796465595,1275731761,3194351027
dimwishlist:item=3161496501&perks=1441682018,2822142346,3300816228,3078487919
dimwishlist:item=3161496501&perks=1441682018,2822142346,3300816228,1439600632
dimwishlist:item=3161496501&perks=1441682018,2822142346,3300816228,3764420437
dimwishlist:item=3161496501&perks=1441682018,2822142346,3300816228,3708227201
dimwishlist:item=3161496501&perks=1441682018,2822142346,3300816228,3194351027
dimwishlist:item=3161496501&perks=1441682018,2822142346,1275731761,3078487919
dimwishlist:item=3161496501&perks=1441682018,2822142346,1275731761,1439600632
dimwishlist:item=3161496501&perks=1441682018,2822142346,1275731761,3764420437
dimwishlist:item=3161496501&perks=1441682018,2822142346,1275731761,3708227201
dimwishlist:item=3161496501&perks=1441682018,2822142346,1275731761,3194351027
dimwishlist:item=3161496501&perks=1441682018,3796465595,3300816228,3078487919
dimwishlist:item=3161496501&perks=1441682018,3796465595,3300816228,1439600632
dimwishlist:item=3161496501&perks=1441682018,3796465595,3300816228,3764420437
dimwishlist:item=3161496501&perks=1441682018,3796465595,3300816228,3708227201
dimwishlist:item=3161496501&perks=1441682018,3796465595,3300816228,3194351027
dimwishlist:item=3161496501&perks=1441682018,3796465595,1275731761,3078487919
dimwishlist:item=3161496501&perks=1441682018,3796465595,1275731761,1439600632
dimwishlist:item=3161496501&perks=1441682018,3796465595,1275731761,3764420437
dimwishlist:item=3161496501&perks=1441682018,3796465595,1275731761,3708227201
dimwishlist:item=3161496501&perks=1441682018,3796465595,1275731761,3194351027
dimwishlist:item=3161496501&perks=3525010810,2822142346,3300816228,3078487919
dimwishlist:item=3161496501&perks=3525010810,2822142346,3300816228,1439600632
dimwishlist:item=3161496501&perks=3525010810,2822142346,3300816228,3764420437
dimwishlist:item=3161496501&perks=3525010810,2822142346,3300816228,3708227201
dimwishlist:item=3161496501&perks=3525010810,2822142346,3300816228,3194351027
dimwishlist:item=3161496501&perks=3525010810,2822142346,1275731761,3078487919
dimwishlist:item=3161496501&perks=3525010810,2822142346,1275731761,1439600632
dimwishlist:item=3161496501&perks=3525010810,2822142346,1275731761,3764420437
dimwishlist:item=3161496501&perks=3525010810,2822142346,1275731761,3708227201
dimwishlist:item=3161496501&perks=3525010810,2822142346,1275731761,3194351027
dimwishlist:item=3161496501&perks=3525010810,3796465595,3300816228,3078487919
dimwishlist:item=3161496501&perks=3525010810,3796465595,3300816228,1439600632
dimwishlist:item=3161496501&perks=3525010810,3796465595,3300816228,3764420437
dimwishlist:item=3161496501&perks=3525010810,3796465595,3300816228,3708227201
dimwishlist:item=3161496501&perks=3525010810,3796465595,3300816228,3194351027
dimwishlist:item=3161496501&perks=3525010810,3796465595,1275731761,3078487919
dimwishlist:item=3161496501&perks=3525010810,3796465595,1275731761,1439600632
dimwishlist:item=3161496501&perks=3525010810,3796465595,1275731761,3764420437
dimwishlist:item=3161496501&perks=3525010810,3796465595,1275731761,3708227201
dimwishlist:item=3161496501&perks=3525010810,3796465595,1275731761,3194351027
dimwishlist:item=3161496501&perks=3798852852,2822142346,3300816228,3078487919
dimwishlist:item=3161496501&perks=3798852852,2822142346,3300816228,1439600632
dimwishlist:item=3161496501&perks=3798852852,2822142346,3300816228,3764420437
dimwishlist:item=3161496501&perks=3798852852,2822142346,3300816228,3708227201
dimwishlist:item=3161496501&perks=3798852852,2822142346,3300816228,3194351027
dimwishlist:item=3161496501&perks=3798852852,2822142346,1275731761,3078487919
dimwishlist:item=3161496501&perks=3798852852,2822142346,1275731761,1439600632
dimwishlist:item=3161496501&perks=3798852852,2822142346,1275731761,3764420437
dimwishlist:item=3161496501&perks=3798852852,2822142346,1275731761,3708227201
dimwishlist:item=3161496501&perks=3798852852,2822142346,1275731761,3194351027
dimwishlist:item=3161496501&perks=3798852852,3796465595,3300816228,3078487919
dimwishlist:item=3161496501&perks=3798852852,3796465595,3300816228,1439600632
dimwishlist:item=3161496501&perks=3798852852,3796465595,3300816228,3764420437
dimwishlist:item=3161496501&perks=3798852852,3796465595,3300816228,3708227201
dimwishlist:item=3161496501&perks=3798852852,3796465595,3300816228,3194351027
dimwishlist:item=3161496501&perks=3798852852,3796465595,1275731761,3078487919
dimwishlist:item=3161496501&perks=3798852852,3796465595,1275731761,1439600632
dimwishlist:item=3161496501&perks=3798852852,3796465595,1275731761,3764420437
dimwishlist:item=3161496501&perks=3798852852,3796465595,1275731761,3708227201
dimwishlist:item=3161496501&perks=3798852852,3796465595,1275731761,3194351027


