title:目的地-木卫二
description:凯旋纪念碑

// Thermal Erosion - 热能侵蚀 (pve)
//notes: tags:pve
dimwishlist:item=642545454&perks=839105230,1087426260,3418782618,2890807135
dimwishlist:item=642545454&perks=839105230,1087426260,3418782618,657025441
dimwishlist:item=642545454&perks=839105230,1087426260,3400784728,2890807135
dimwishlist:item=642545454&perks=839105230,1087426260,3400784728,657025441
dimwishlist:item=642545454&perks=839105230,1087426260,3523296417,2890807135
dimwishlist:item=642545454&perks=839105230,1087426260,3523296417,657025441
dimwishlist:item=642545454&perks=839105230,1087426260,4293542123,2890807135
dimwishlist:item=642545454&perks=839105230,1087426260,4293542123,657025441
dimwishlist:item=642545454&perks=839105230,3230963543,3418782618,2890807135
dimwishlist:item=642545454&perks=839105230,3230963543,3418782618,657025441
dimwishlist:item=642545454&perks=839105230,3230963543,3400784728,2890807135
dimwishlist:item=642545454&perks=839105230,3230963543,3400784728,657025441
dimwishlist:item=642545454&perks=839105230,3230963543,3523296417,2890807135
dimwishlist:item=642545454&perks=839105230,3230963543,3523296417,657025441
dimwishlist:item=642545454&perks=839105230,3230963543,4293542123,2890807135
dimwishlist:item=642545454&perks=839105230,3230963543,4293542123,657025441
dimwishlist:item=642545454&perks=839105230,106909392,3418782618,2890807135
dimwishlist:item=642545454&perks=839105230,106909392,3418782618,657025441
dimwishlist:item=642545454&perks=839105230,106909392,3400784728,2890807135
dimwishlist:item=642545454&perks=839105230,106909392,3400784728,657025441
dimwishlist:item=642545454&perks=839105230,106909392,3523296417,2890807135
dimwishlist:item=642545454&perks=839105230,106909392,3523296417,657025441
dimwishlist:item=642545454&perks=839105230,106909392,4293542123,2890807135
dimwishlist:item=642545454&perks=839105230,106909392,4293542123,657025441
dimwishlist:item=642545454&perks=4090651448,1087426260,3418782618,2890807135
dimwishlist:item=642545454&perks=4090651448,1087426260,3418782618,657025441
dimwishlist:item=642545454&perks=4090651448,1087426260,3400784728,2890807135
dimwishlist:item=642545454&perks=4090651448,1087426260,3400784728,657025441
dimwishlist:item=642545454&perks=4090651448,1087426260,3523296417,2890807135
dimwishlist:item=642545454&perks=4090651448,1087426260,3523296417,657025441
dimwishlist:item=642545454&perks=4090651448,1087426260,4293542123,2890807135
dimwishlist:item=642545454&perks=4090651448,1087426260,4293542123,657025441
dimwishlist:item=642545454&perks=4090651448,3230963543,3418782618,2890807135
dimwishlist:item=642545454&perks=4090651448,3230963543,3418782618,657025441
dimwishlist:item=642545454&perks=4090651448,3230963543,3400784728,2890807135
dimwishlist:item=642545454&perks=4090651448,3230963543,3400784728,657025441
dimwishlist:item=642545454&perks=4090651448,3230963543,3523296417,2890807135
dimwishlist:item=642545454&perks=4090651448,3230963543,3523296417,657025441
dimwishlist:item=642545454&perks=4090651448,3230963543,4293542123,2890807135
dimwishlist:item=642545454&perks=4090651448,3230963543,4293542123,657025441
dimwishlist:item=642545454&perks=4090651448,106909392,3418782618,2890807135
dimwishlist:item=642545454&perks=4090651448,106909392,3418782618,657025441
dimwishlist:item=642545454&perks=4090651448,106909392,3400784728,2890807135
dimwishlist:item=642545454&perks=4090651448,106909392,3400784728,657025441
dimwishlist:item=642545454&perks=4090651448,106909392,3523296417,2890807135
dimwishlist:item=642545454&perks=4090651448,106909392,3523296417,657025441
dimwishlist:item=642545454&perks=4090651448,106909392,4293542123,2890807135
dimwishlist:item=642545454&perks=4090651448,106909392,4293542123,657025441
dimwishlist:item=642545454&perks=1840239774,1087426260,3418782618,2890807135
dimwishlist:item=642545454&perks=1840239774,1087426260,3418782618,657025441
dimwishlist:item=642545454&perks=1840239774,1087426260,3400784728,2890807135
dimwishlist:item=642545454&perks=1840239774,1087426260,3400784728,657025441
dimwishlist:item=642545454&perks=1840239774,1087426260,3523296417,2890807135
dimwishlist:item=642545454&perks=1840239774,1087426260,3523296417,657025441
dimwishlist:item=642545454&perks=1840239774,1087426260,4293542123,2890807135
dimwishlist:item=642545454&perks=1840239774,1087426260,4293542123,657025441
dimwishlist:item=642545454&perks=1840239774,3230963543,3418782618,2890807135
dimwishlist:item=642545454&perks=1840239774,3230963543,3418782618,657025441
dimwishlist:item=642545454&perks=1840239774,3230963543,3400784728,2890807135
dimwishlist:item=642545454&perks=1840239774,3230963543,3400784728,657025441
dimwishlist:item=642545454&perks=1840239774,3230963543,3523296417,2890807135
dimwishlist:item=642545454&perks=1840239774,3230963543,3523296417,657025441
dimwishlist:item=642545454&perks=1840239774,3230963543,4293542123,2890807135
dimwishlist:item=642545454&perks=1840239774,3230963543,4293542123,657025441
dimwishlist:item=642545454&perks=1840239774,106909392,3418782618,2890807135
dimwishlist:item=642545454&perks=1840239774,106909392,3418782618,657025441
dimwishlist:item=642545454&perks=1840239774,106909392,3400784728,2890807135
dimwishlist:item=642545454&perks=1840239774,106909392,3400784728,657025441
dimwishlist:item=642545454&perks=1840239774,106909392,3523296417,2890807135
dimwishlist:item=642545454&perks=1840239774,106909392,3523296417,657025441
dimwishlist:item=642545454&perks=1840239774,106909392,4293542123,2890807135
dimwishlist:item=642545454&perks=1840239774,106909392,4293542123,657025441


// Coriolis Force - 科里奥利斯之力 (pve)
//notes: 三号位还是没有一个好的换弹perk tags:pve
dimwishlist:item=856316142&perks=839105230,689005463,1556840489,2594592626
dimwishlist:item=856316142&perks=839105230,689005463,1556840489,1427256713
dimwishlist:item=856316142&perks=839105230,689005463,1556840489,4049631843
dimwishlist:item=856316142&perks=839105230,689005463,2010801679,2594592626
dimwishlist:item=856316142&perks=839105230,689005463,2010801679,1427256713
dimwishlist:item=856316142&perks=839105230,689005463,2010801679,4049631843
dimwishlist:item=856316142&perks=839105230,2680121939,1556840489,2594592626
dimwishlist:item=856316142&perks=839105230,2680121939,1556840489,1427256713
dimwishlist:item=856316142&perks=839105230,2680121939,1556840489,4049631843
dimwishlist:item=856316142&perks=839105230,2680121939,2010801679,2594592626
dimwishlist:item=856316142&perks=839105230,2680121939,2010801679,1427256713
dimwishlist:item=856316142&perks=839105230,2680121939,2010801679,4049631843
dimwishlist:item=856316142&perks=839105230,3868766766,1556840489,2594592626
dimwishlist:item=856316142&perks=839105230,3868766766,1556840489,1427256713
dimwishlist:item=856316142&perks=839105230,3868766766,1556840489,4049631843
dimwishlist:item=856316142&perks=839105230,3868766766,2010801679,2594592626
dimwishlist:item=856316142&perks=839105230,3868766766,2010801679,1427256713
dimwishlist:item=856316142&perks=839105230,3868766766,2010801679,4049631843
dimwishlist:item=856316142&perks=4090651448,689005463,1556840489,2594592626
dimwishlist:item=856316142&perks=4090651448,689005463,1556840489,1427256713
dimwishlist:item=856316142&perks=4090651448,689005463,1556840489,4049631843
dimwishlist:item=856316142&perks=4090651448,689005463,2010801679,2594592626
dimwishlist:item=856316142&perks=4090651448,689005463,2010801679,1427256713
dimwishlist:item=856316142&perks=4090651448,689005463,2010801679,4049631843
dimwishlist:item=856316142&perks=4090651448,2680121939,1556840489,2594592626
dimwishlist:item=856316142&perks=4090651448,2680121939,1556840489,1427256713
dimwishlist:item=856316142&perks=4090651448,2680121939,1556840489,4049631843
dimwishlist:item=856316142&perks=4090651448,2680121939,2010801679,2594592626
dimwishlist:item=856316142&perks=4090651448,2680121939,2010801679,1427256713
dimwishlist:item=856316142&perks=4090651448,2680121939,2010801679,4049631843
dimwishlist:item=856316142&perks=4090651448,3868766766,1556840489,2594592626
dimwishlist:item=856316142&perks=4090651448,3868766766,1556840489,1427256713
dimwishlist:item=856316142&perks=4090651448,3868766766,1556840489,4049631843
dimwishlist:item=856316142&perks=4090651448,3868766766,2010801679,2594592626
dimwishlist:item=856316142&perks=4090651448,3868766766,2010801679,1427256713
dimwishlist:item=856316142&perks=4090651448,3868766766,2010801679,4049631843
dimwishlist:item=856316142&perks=1840239774,689005463,1556840489,2594592626
dimwishlist:item=856316142&perks=1840239774,689005463,1556840489,1427256713
dimwishlist:item=856316142&perks=1840239774,689005463,1556840489,4049631843
dimwishlist:item=856316142&perks=1840239774,689005463,2010801679,2594592626
dimwishlist:item=856316142&perks=1840239774,689005463,2010801679,1427256713
dimwishlist:item=856316142&perks=1840239774,689005463,2010801679,4049631843
dimwishlist:item=856316142&perks=1840239774,2680121939,1556840489,2594592626
dimwishlist:item=856316142&perks=1840239774,2680121939,1556840489,1427256713
dimwishlist:item=856316142&perks=1840239774,2680121939,1556840489,4049631843
dimwishlist:item=856316142&perks=1840239774,2680121939,2010801679,2594592626
dimwishlist:item=856316142&perks=1840239774,2680121939,2010801679,1427256713
dimwishlist:item=856316142&perks=1840239774,2680121939,2010801679,4049631843
dimwishlist:item=856316142&perks=1840239774,3868766766,1556840489,2594592626
dimwishlist:item=856316142&perks=1840239774,3868766766,1556840489,1427256713
dimwishlist:item=856316142&perks=1840239774,3868766766,1556840489,4049631843
dimwishlist:item=856316142&perks=1840239774,3868766766,2010801679,2594592626
dimwishlist:item=856316142&perks=1840239774,3868766766,2010801679,1427256713
dimwishlist:item=856316142&perks=1840239774,3868766766,2010801679,4049631843


// Subzero Salvo - 低温重炮 (pve)
//notes: 没金中了之后，顶级为超充+双脚架+聚合。没金中了之后，顶级为超充+双脚架+聚合。 tags:pve
dimwishlist:item=978122008&perks=1478423395,2822142346,1511100135,1439600632
dimwishlist:item=978122008&perks=1478423395,2822142346,1511100135,3764420437
dimwishlist:item=978122008&perks=1478423395,2822142346,1511100135,3194351027
dimwishlist:item=978122008&perks=1478423395,2822142346,1511100135,3927722942
dimwishlist:item=978122008&perks=1478423395,2822142346,3300816228,1439600632
dimwishlist:item=978122008&perks=1478423395,2822142346,3300816228,3764420437
dimwishlist:item=978122008&perks=1478423395,2822142346,3300816228,3194351027
dimwishlist:item=978122008&perks=1478423395,2822142346,3300816228,3927722942
dimwishlist:item=978122008&perks=1478423395,2822142346,960810156,1439600632
dimwishlist:item=978122008&perks=1478423395,2822142346,960810156,3764420437
dimwishlist:item=978122008&perks=1478423395,2822142346,960810156,3194351027
dimwishlist:item=978122008&perks=1478423395,2822142346,960810156,3927722942
dimwishlist:item=978122008&perks=1478423395,3796465595,1511100135,1439600632
dimwishlist:item=978122008&perks=1478423395,3796465595,1511100135,3764420437
dimwishlist:item=978122008&perks=1478423395,3796465595,1511100135,3194351027
dimwishlist:item=978122008&perks=1478423395,3796465595,1511100135,3927722942
dimwishlist:item=978122008&perks=1478423395,3796465595,3300816228,1439600632
dimwishlist:item=978122008&perks=1478423395,3796465595,3300816228,3764420437
dimwishlist:item=978122008&perks=1478423395,3796465595,3300816228,3194351027
dimwishlist:item=978122008&perks=1478423395,3796465595,3300816228,3927722942
dimwishlist:item=978122008&perks=1478423395,3796465595,960810156,1439600632
dimwishlist:item=978122008&perks=1478423395,3796465595,960810156,3764420437
dimwishlist:item=978122008&perks=1478423395,3796465595,960810156,3194351027
dimwishlist:item=978122008&perks=1478423395,3796465595,960810156,3927722942
dimwishlist:item=978122008&perks=1478423395,2985827016,1511100135,1439600632
dimwishlist:item=978122008&perks=1478423395,2985827016,1511100135,3764420437
dimwishlist:item=978122008&perks=1478423395,2985827016,1511100135,3194351027
dimwishlist:item=978122008&perks=1478423395,2985827016,1511100135,3927722942
dimwishlist:item=978122008&perks=1478423395,2985827016,3300816228,1439600632
dimwishlist:item=978122008&perks=1478423395,2985827016,3300816228,3764420437
dimwishlist:item=978122008&perks=1478423395,2985827016,3300816228,3194351027
dimwishlist:item=978122008&perks=1478423395,2985827016,3300816228,3927722942
dimwishlist:item=978122008&perks=1478423395,2985827016,960810156,1439600632
dimwishlist:item=978122008&perks=1478423395,2985827016,960810156,3764420437
dimwishlist:item=978122008&perks=1478423395,2985827016,960810156,3194351027
dimwishlist:item=978122008&perks=1478423395,2985827016,960810156,3927722942
dimwishlist:item=978122008&perks=981914802,2822142346,1511100135,1439600632
dimwishlist:item=978122008&perks=981914802,2822142346,1511100135,3764420437
dimwishlist:item=978122008&perks=981914802,2822142346,1511100135,3194351027
dimwishlist:item=978122008&perks=981914802,2822142346,1511100135,3927722942
dimwishlist:item=978122008&perks=981914802,2822142346,3300816228,1439600632
dimwishlist:item=978122008&perks=981914802,2822142346,3300816228,3764420437
dimwishlist:item=978122008&perks=981914802,2822142346,3300816228,3194351027
dimwishlist:item=978122008&perks=981914802,2822142346,3300816228,3927722942
dimwishlist:item=978122008&perks=981914802,2822142346,960810156,1439600632
dimwishlist:item=978122008&perks=981914802,2822142346,960810156,3764420437
dimwishlist:item=978122008&perks=981914802,2822142346,960810156,3194351027
dimwishlist:item=978122008&perks=981914802,2822142346,960810156,3927722942
dimwishlist:item=978122008&perks=981914802,3796465595,1511100135,1439600632
dimwishlist:item=978122008&perks=981914802,3796465595,1511100135,3764420437
dimwishlist:item=978122008&perks=981914802,3796465595,1511100135,3194351027
dimwishlist:item=978122008&perks=981914802,3796465595,1511100135,3927722942
dimwishlist:item=978122008&perks=981914802,3796465595,3300816228,1439600632
dimwishlist:item=978122008&perks=981914802,3796465595,3300816228,3764420437
dimwishlist:item=978122008&perks=981914802,3796465595,3300816228,3194351027
dimwishlist:item=978122008&perks=981914802,3796465595,3300816228,3927722942
dimwishlist:item=978122008&perks=981914802,3796465595,960810156,1439600632
dimwishlist:item=978122008&perks=981914802,3796465595,960810156,3764420437
dimwishlist:item=978122008&perks=981914802,3796465595,960810156,3194351027
dimwishlist:item=978122008&perks=981914802,3796465595,960810156,3927722942
dimwishlist:item=978122008&perks=981914802,2985827016,1511100135,1439600632
dimwishlist:item=978122008&perks=981914802,2985827016,1511100135,3764420437
dimwishlist:item=978122008&perks=981914802,2985827016,1511100135,3194351027
dimwishlist:item=978122008&perks=981914802,2985827016,1511100135,3927722942
dimwishlist:item=978122008&perks=981914802,2985827016,3300816228,1439600632
dimwishlist:item=978122008&perks=981914802,2985827016,3300816228,3764420437
dimwishlist:item=978122008&perks=981914802,2985827016,3300816228,3194351027
dimwishlist:item=978122008&perks=981914802,2985827016,3300816228,3927722942
dimwishlist:item=978122008&perks=981914802,2985827016,960810156,1439600632
dimwishlist:item=978122008&perks=981914802,2985827016,960810156,3764420437
dimwishlist:item=978122008&perks=981914802,2985827016,960810156,3194351027
dimwishlist:item=978122008&perks=981914802,2985827016,960810156,3927722942
dimwishlist:item=978122008&perks=1441682018,2822142346,1511100135,1439600632
dimwishlist:item=978122008&perks=1441682018,2822142346,1511100135,3764420437
dimwishlist:item=978122008&perks=1441682018,2822142346,1511100135,3194351027
dimwishlist:item=978122008&perks=1441682018,2822142346,1511100135,3927722942
dimwishlist:item=978122008&perks=1441682018,2822142346,3300816228,1439600632
dimwishlist:item=978122008&perks=1441682018,2822142346,3300816228,3764420437
dimwishlist:item=978122008&perks=1441682018,2822142346,3300816228,3194351027
dimwishlist:item=978122008&perks=1441682018,2822142346,3300816228,3927722942
dimwishlist:item=978122008&perks=1441682018,2822142346,960810156,1439600632
dimwishlist:item=978122008&perks=1441682018,2822142346,960810156,3764420437
dimwishlist:item=978122008&perks=1441682018,2822142346,960810156,3194351027
dimwishlist:item=978122008&perks=1441682018,2822142346,960810156,3927722942
dimwishlist:item=978122008&perks=1441682018,3796465595,1511100135,1439600632
dimwishlist:item=978122008&perks=1441682018,3796465595,1511100135,3764420437
dimwishlist:item=978122008&perks=1441682018,3796465595,1511100135,3194351027
dimwishlist:item=978122008&perks=1441682018,3796465595,1511100135,3927722942
dimwishlist:item=978122008&perks=1441682018,3796465595,3300816228,1439600632
dimwishlist:item=978122008&perks=1441682018,3796465595,3300816228,3764420437
dimwishlist:item=978122008&perks=1441682018,3796465595,3300816228,3194351027
dimwishlist:item=978122008&perks=1441682018,3796465595,3300816228,3927722942
dimwishlist:item=978122008&perks=1441682018,3796465595,960810156,1439600632
dimwishlist:item=978122008&perks=1441682018,3796465595,960810156,3764420437
dimwishlist:item=978122008&perks=1441682018,3796465595,960810156,3194351027
dimwishlist:item=978122008&perks=1441682018,3796465595,960810156,3927722942
dimwishlist:item=978122008&perks=1441682018,2985827016,1511100135,1439600632
dimwishlist:item=978122008&perks=1441682018,2985827016,1511100135,3764420437
dimwishlist:item=978122008&perks=1441682018,2985827016,1511100135,3194351027
dimwishlist:item=978122008&perks=1441682018,2985827016,1511100135,3927722942
dimwishlist:item=978122008&perks=1441682018,2985827016,3300816228,1439600632
dimwishlist:item=978122008&perks=1441682018,2985827016,3300816228,3764420437
dimwishlist:item=978122008&perks=1441682018,2985827016,3300816228,3194351027
dimwishlist:item=978122008&perks=1441682018,2985827016,3300816228,3927722942
dimwishlist:item=978122008&perks=1441682018,2985827016,960810156,1439600632
dimwishlist:item=978122008&perks=1441682018,2985827016,960810156,3764420437
dimwishlist:item=978122008&perks=1441682018,2985827016,960810156,3194351027
dimwishlist:item=978122008&perks=1441682018,2985827016,960810156,3927722942
dimwishlist:item=978122008&perks=3525010810,2822142346,1511100135,1439600632
dimwishlist:item=978122008&perks=3525010810,2822142346,1511100135,3764420437
dimwishlist:item=978122008&perks=3525010810,2822142346,1511100135,3194351027
dimwishlist:item=978122008&perks=3525010810,2822142346,1511100135,3927722942
dimwishlist:item=978122008&perks=3525010810,2822142346,3300816228,1439600632
dimwishlist:item=978122008&perks=3525010810,2822142346,3300816228,3764420437
dimwishlist:item=978122008&perks=3525010810,2822142346,3300816228,3194351027
dimwishlist:item=978122008&perks=3525010810,2822142346,3300816228,3927722942
dimwishlist:item=978122008&perks=3525010810,2822142346,960810156,1439600632
dimwishlist:item=978122008&perks=3525010810,2822142346,960810156,3764420437
dimwishlist:item=978122008&perks=3525010810,2822142346,960810156,3194351027
dimwishlist:item=978122008&perks=3525010810,2822142346,960810156,3927722942
dimwishlist:item=978122008&perks=3525010810,3796465595,1511100135,1439600632
dimwishlist:item=978122008&perks=3525010810,3796465595,1511100135,3764420437
dimwishlist:item=978122008&perks=3525010810,3796465595,1511100135,3194351027
dimwishlist:item=978122008&perks=3525010810,3796465595,1511100135,3927722942
dimwishlist:item=978122008&perks=3525010810,3796465595,3300816228,1439600632
dimwishlist:item=978122008&perks=3525010810,3796465595,3300816228,3764420437
dimwishlist:item=978122008&perks=3525010810,3796465595,3300816228,3194351027
dimwishlist:item=978122008&perks=3525010810,3796465595,3300816228,3927722942
dimwishlist:item=978122008&perks=3525010810,3796465595,960810156,1439600632
dimwishlist:item=978122008&perks=3525010810,3796465595,960810156,3764420437
dimwishlist:item=978122008&perks=3525010810,3796465595,960810156,3194351027
dimwishlist:item=978122008&perks=3525010810,3796465595,960810156,3927722942
dimwishlist:item=978122008&perks=3525010810,2985827016,1511100135,1439600632
dimwishlist:item=978122008&perks=3525010810,2985827016,1511100135,3764420437
dimwishlist:item=978122008&perks=3525010810,2985827016,1511100135,3194351027
dimwishlist:item=978122008&perks=3525010810,2985827016,1511100135,3927722942
dimwishlist:item=978122008&perks=3525010810,2985827016,3300816228,1439600632
dimwishlist:item=978122008&perks=3525010810,2985827016,3300816228,3764420437
dimwishlist:item=978122008&perks=3525010810,2985827016,3300816228,3194351027
dimwishlist:item=978122008&perks=3525010810,2985827016,3300816228,3927722942
dimwishlist:item=978122008&perks=3525010810,2985827016,960810156,1439600632
dimwishlist:item=978122008&perks=3525010810,2985827016,960810156,3764420437
dimwishlist:item=978122008&perks=3525010810,2985827016,960810156,3194351027
dimwishlist:item=978122008&perks=3525010810,2985827016,960810156,3927722942
dimwishlist:item=978122008&perks=3798852852,2822142346,1511100135,1439600632
dimwishlist:item=978122008&perks=3798852852,2822142346,1511100135,3764420437
dimwishlist:item=978122008&perks=3798852852,2822142346,1511100135,3194351027
dimwishlist:item=978122008&perks=3798852852,2822142346,1511100135,3927722942
dimwishlist:item=978122008&perks=3798852852,2822142346,3300816228,1439600632
dimwishlist:item=978122008&perks=3798852852,2822142346,3300816228,3764420437
dimwishlist:item=978122008&perks=3798852852,2822142346,3300816228,3194351027
dimwishlist:item=978122008&perks=3798852852,2822142346,3300816228,3927722942
dimwishlist:item=978122008&perks=3798852852,2822142346,960810156,1439600632
dimwishlist:item=978122008&perks=3798852852,2822142346,960810156,3764420437
dimwishlist:item=978122008&perks=3798852852,2822142346,960810156,3194351027
dimwishlist:item=978122008&perks=3798852852,2822142346,960810156,3927722942
dimwishlist:item=978122008&perks=3798852852,3796465595,1511100135,1439600632
dimwishlist:item=978122008&perks=3798852852,3796465595,1511100135,3764420437
dimwishlist:item=978122008&perks=3798852852,3796465595,1511100135,3194351027
dimwishlist:item=978122008&perks=3798852852,3796465595,1511100135,3927722942
dimwishlist:item=978122008&perks=3798852852,3796465595,3300816228,1439600632
dimwishlist:item=978122008&perks=3798852852,3796465595,3300816228,3764420437
dimwishlist:item=978122008&perks=3798852852,3796465595,3300816228,3194351027
dimwishlist:item=978122008&perks=3798852852,3796465595,3300816228,3927722942
dimwishlist:item=978122008&perks=3798852852,3796465595,960810156,1439600632
dimwishlist:item=978122008&perks=3798852852,3796465595,960810156,3764420437
dimwishlist:item=978122008&perks=3798852852,3796465595,960810156,3194351027
dimwishlist:item=978122008&perks=3798852852,3796465595,960810156,3927722942
dimwishlist:item=978122008&perks=3798852852,2985827016,1511100135,1439600632
dimwishlist:item=978122008&perks=3798852852,2985827016,1511100135,3764420437
dimwishlist:item=978122008&perks=3798852852,2985827016,1511100135,3194351027
dimwishlist:item=978122008&perks=3798852852,2985827016,1511100135,3927722942
dimwishlist:item=978122008&perks=3798852852,2985827016,3300816228,1439600632
dimwishlist:item=978122008&perks=3798852852,2985827016,3300816228,3764420437
dimwishlist:item=978122008&perks=3798852852,2985827016,3300816228,3194351027
dimwishlist:item=978122008&perks=3798852852,2985827016,3300816228,3927722942
dimwishlist:item=978122008&perks=3798852852,2985827016,960810156,1439600632
dimwishlist:item=978122008&perks=3798852852,2985827016,960810156,3764420437
dimwishlist:item=978122008&perks=3798852852,2985827016,960810156,3194351027
dimwishlist:item=978122008&perks=3798852852,2985827016,960810156,3927722942


// Bonechiller - 刺骨者 (pve)
//notes: tags:pve
dimwishlist:item=1529367715&perks=839105230,791862061,3300816228,555281244
dimwishlist:item=1529367715&perks=839105230,791862061,3400784728,555281244
dimwishlist:item=1529367715&perks=839105230,791862061,1556840489,555281244
dimwishlist:item=1529367715&perks=839105230,106909392,3300816228,555281244
dimwishlist:item=1529367715&perks=839105230,106909392,3400784728,555281244
dimwishlist:item=1529367715&perks=839105230,106909392,1556840489,555281244
dimwishlist:item=1529367715&perks=839105230,679225683,3300816228,555281244
dimwishlist:item=1529367715&perks=839105230,679225683,3400784728,555281244
dimwishlist:item=1529367715&perks=839105230,679225683,1556840489,555281244
dimwishlist:item=1529367715&perks=839105230,3230963543,3300816228,555281244
dimwishlist:item=1529367715&perks=839105230,3230963543,3400784728,555281244
dimwishlist:item=1529367715&perks=839105230,3230963543,1556840489,555281244
dimwishlist:item=1529367715&perks=4090651448,791862061,3300816228,555281244
dimwishlist:item=1529367715&perks=4090651448,791862061,3400784728,555281244
dimwishlist:item=1529367715&perks=4090651448,791862061,1556840489,555281244
dimwishlist:item=1529367715&perks=4090651448,106909392,3300816228,555281244
dimwishlist:item=1529367715&perks=4090651448,106909392,3400784728,555281244
dimwishlist:item=1529367715&perks=4090651448,106909392,1556840489,555281244
dimwishlist:item=1529367715&perks=4090651448,679225683,3300816228,555281244
dimwishlist:item=1529367715&perks=4090651448,679225683,3400784728,555281244
dimwishlist:item=1529367715&perks=4090651448,679225683,1556840489,555281244
dimwishlist:item=1529367715&perks=4090651448,3230963543,3300816228,555281244
dimwishlist:item=1529367715&perks=4090651448,3230963543,3400784728,555281244
dimwishlist:item=1529367715&perks=4090651448,3230963543,1556840489,555281244
dimwishlist:item=1529367715&perks=1840239774,791862061,3300816228,555281244
dimwishlist:item=1529367715&perks=1840239774,791862061,3400784728,555281244
dimwishlist:item=1529367715&perks=1840239774,791862061,1556840489,555281244
dimwishlist:item=1529367715&perks=1840239774,106909392,3300816228,555281244
dimwishlist:item=1529367715&perks=1840239774,106909392,3400784728,555281244
dimwishlist:item=1529367715&perks=1840239774,106909392,1556840489,555281244
dimwishlist:item=1529367715&perks=1840239774,679225683,3300816228,555281244
dimwishlist:item=1529367715&perks=1840239774,679225683,3400784728,555281244
dimwishlist:item=1529367715&perks=1840239774,679225683,1556840489,555281244
dimwishlist:item=1529367715&perks=1840239774,3230963543,3300816228,555281244
dimwishlist:item=1529367715&perks=1840239774,3230963543,3400784728,555281244
dimwishlist:item=1529367715&perks=1840239774,3230963543,1556840489,555281244


// Arctic Haze - 极地雾霭 (pve)
//notes: 治疗弹夹优先 tags:pve
dimwishlist:item=2187337757&perks=839105230,1087426260,3017780555,2890807135
dimwishlist:item=2187337757&perks=839105230,1087426260,3017780555,4104185692
dimwishlist:item=2187337757&perks=839105230,1087426260,4293542123,2890807135
dimwishlist:item=2187337757&perks=839105230,1087426260,4293542123,4104185692
dimwishlist:item=2187337757&perks=839105230,106909392,3017780555,2890807135
dimwishlist:item=2187337757&perks=839105230,106909392,3017780555,4104185692
dimwishlist:item=2187337757&perks=839105230,106909392,4293542123,2890807135
dimwishlist:item=2187337757&perks=839105230,106909392,4293542123,4104185692
dimwishlist:item=2187337757&perks=839105230,3230963543,3017780555,2890807135
dimwishlist:item=2187337757&perks=839105230,3230963543,3017780555,4104185692
dimwishlist:item=2187337757&perks=839105230,3230963543,4293542123,2890807135
dimwishlist:item=2187337757&perks=839105230,3230963543,4293542123,4104185692
dimwishlist:item=2187337757&perks=839105230,1885400500,3017780555,2890807135
dimwishlist:item=2187337757&perks=839105230,1885400500,3017780555,4104185692
dimwishlist:item=2187337757&perks=839105230,1885400500,4293542123,2890807135
dimwishlist:item=2187337757&perks=839105230,1885400500,4293542123,4104185692
dimwishlist:item=2187337757&perks=4090651448,1087426260,3017780555,2890807135
dimwishlist:item=2187337757&perks=4090651448,1087426260,3017780555,4104185692
dimwishlist:item=2187337757&perks=4090651448,1087426260,4293542123,2890807135
dimwishlist:item=2187337757&perks=4090651448,1087426260,4293542123,4104185692
dimwishlist:item=2187337757&perks=4090651448,106909392,3017780555,2890807135
dimwishlist:item=2187337757&perks=4090651448,106909392,3017780555,4104185692
dimwishlist:item=2187337757&perks=4090651448,106909392,4293542123,2890807135
dimwishlist:item=2187337757&perks=4090651448,106909392,4293542123,4104185692
dimwishlist:item=2187337757&perks=4090651448,3230963543,3017780555,2890807135
dimwishlist:item=2187337757&perks=4090651448,3230963543,3017780555,4104185692
dimwishlist:item=2187337757&perks=4090651448,3230963543,4293542123,2890807135
dimwishlist:item=2187337757&perks=4090651448,3230963543,4293542123,4104185692
dimwishlist:item=2187337757&perks=4090651448,1885400500,3017780555,2890807135
dimwishlist:item=2187337757&perks=4090651448,1885400500,3017780555,4104185692
dimwishlist:item=2187337757&perks=4090651448,1885400500,4293542123,2890807135
dimwishlist:item=2187337757&perks=4090651448,1885400500,4293542123,4104185692
dimwishlist:item=2187337757&perks=1840239774,1087426260,3017780555,2890807135
dimwishlist:item=2187337757&perks=1840239774,1087426260,3017780555,4104185692
dimwishlist:item=2187337757&perks=1840239774,1087426260,4293542123,2890807135
dimwishlist:item=2187337757&perks=1840239774,1087426260,4293542123,4104185692
dimwishlist:item=2187337757&perks=1840239774,106909392,3017780555,2890807135
dimwishlist:item=2187337757&perks=1840239774,106909392,3017780555,4104185692
dimwishlist:item=2187337757&perks=1840239774,106909392,4293542123,2890807135
dimwishlist:item=2187337757&perks=1840239774,106909392,4293542123,4104185692
dimwishlist:item=2187337757&perks=1840239774,3230963543,3017780555,2890807135
dimwishlist:item=2187337757&perks=1840239774,3230963543,3017780555,4104185692
dimwishlist:item=2187337757&perks=1840239774,3230963543,4293542123,2890807135
dimwishlist:item=2187337757&perks=1840239774,3230963543,4293542123,4104185692
dimwishlist:item=2187337757&perks=1840239774,1885400500,3017780555,2890807135
dimwishlist:item=2187337757&perks=1840239774,1885400500,3017780555,4104185692
dimwishlist:item=2187337757&perks=1840239774,1885400500,4293542123,2890807135
dimwishlist:item=2187337757&perks=1840239774,1885400500,4293542123,4104185692


// Biting Winds - 刺骨寒风 (pve)
//notes: 三号位缺能量球，PVE上略逊花园弓。 tags:pve
dimwishlist:item=2485400469&perks=201365942,3891536761
dimwishlist:item=2485400469&perks=201365942,3365897133
dimwishlist:item=2485400469&perks=2360347339,3891536761
dimwishlist:item=2485400469&perks=2360347339,3365897133


// High Albedo - 极高反射 (god-pve)
//notes: 唯一动能火箭框架的手枪，可刷。一般金中+动能震颤足够，也可以脉冲+动能震颤，手感更好，或迷惑爆发控场。其他的不用强求 tags:god-pve
dimwishlist:item=2662459958&perks=1478423395,1087426260,3300816228,3891536761
dimwishlist:item=2662459958&perks=1478423395,1087426260,3300816228,469285294
dimwishlist:item=2662459958&perks=1478423395,1087426260,3300816228,1226351311
dimwishlist:item=2662459958&perks=1478423395,1087426260,951095735,3891536761
dimwishlist:item=2662459958&perks=1478423395,1087426260,951095735,469285294
dimwishlist:item=2662459958&perks=1478423395,1087426260,951095735,1226351311
dimwishlist:item=2662459958&perks=1478423395,1087426260,2289534249,3891536761
dimwishlist:item=2662459958&perks=1478423395,1087426260,2289534249,469285294
dimwishlist:item=2662459958&perks=1478423395,1087426260,2289534249,1226351311
dimwishlist:item=2662459958&perks=1478423395,1087426260,1556840489,3891536761
dimwishlist:item=2662459958&perks=1478423395,1087426260,1556840489,469285294
dimwishlist:item=2662459958&perks=1478423395,1087426260,1556840489,1226351311
dimwishlist:item=2662459958&perks=1478423395,106909392,3300816228,3891536761
dimwishlist:item=2662459958&perks=1478423395,106909392,3300816228,469285294
dimwishlist:item=2662459958&perks=1478423395,106909392,3300816228,1226351311
dimwishlist:item=2662459958&perks=1478423395,106909392,951095735,3891536761
dimwishlist:item=2662459958&perks=1478423395,106909392,951095735,469285294
dimwishlist:item=2662459958&perks=1478423395,106909392,951095735,1226351311
dimwishlist:item=2662459958&perks=1478423395,106909392,2289534249,3891536761
dimwishlist:item=2662459958&perks=1478423395,106909392,2289534249,469285294
dimwishlist:item=2662459958&perks=1478423395,106909392,2289534249,1226351311
dimwishlist:item=2662459958&perks=1478423395,106909392,1556840489,3891536761
dimwishlist:item=2662459958&perks=1478423395,106909392,1556840489,469285294
dimwishlist:item=2662459958&perks=1478423395,106909392,1556840489,1226351311
dimwishlist:item=2662459958&perks=1478423395,3230963543,3300816228,3891536761
dimwishlist:item=2662459958&perks=1478423395,3230963543,3300816228,469285294
dimwishlist:item=2662459958&perks=1478423395,3230963543,3300816228,1226351311
dimwishlist:item=2662459958&perks=1478423395,3230963543,951095735,3891536761
dimwishlist:item=2662459958&perks=1478423395,3230963543,951095735,469285294
dimwishlist:item=2662459958&perks=1478423395,3230963543,951095735,1226351311
dimwishlist:item=2662459958&perks=1478423395,3230963543,2289534249,3891536761
dimwishlist:item=2662459958&perks=1478423395,3230963543,2289534249,469285294
dimwishlist:item=2662459958&perks=1478423395,3230963543,2289534249,1226351311
dimwishlist:item=2662459958&perks=1478423395,3230963543,1556840489,3891536761
dimwishlist:item=2662459958&perks=1478423395,3230963543,1556840489,469285294
dimwishlist:item=2662459958&perks=1478423395,3230963543,1556840489,1226351311
dimwishlist:item=2662459958&perks=1478423395,2822142346,3300816228,3891536761
dimwishlist:item=2662459958&perks=1478423395,2822142346,3300816228,469285294
dimwishlist:item=2662459958&perks=1478423395,2822142346,3300816228,1226351311
dimwishlist:item=2662459958&perks=1478423395,2822142346,951095735,3891536761
dimwishlist:item=2662459958&perks=1478423395,2822142346,951095735,469285294
dimwishlist:item=2662459958&perks=1478423395,2822142346,951095735,1226351311
dimwishlist:item=2662459958&perks=1478423395,2822142346,2289534249,3891536761
dimwishlist:item=2662459958&perks=1478423395,2822142346,2289534249,469285294
dimwishlist:item=2662459958&perks=1478423395,2822142346,2289534249,1226351311
dimwishlist:item=2662459958&perks=1478423395,2822142346,1556840489,3891536761
dimwishlist:item=2662459958&perks=1478423395,2822142346,1556840489,469285294
dimwishlist:item=2662459958&perks=1478423395,2822142346,1556840489,1226351311
dimwishlist:item=2662459958&perks=1478423395,3492396210,3300816228,3891536761
dimwishlist:item=2662459958&perks=1478423395,3492396210,3300816228,469285294
dimwishlist:item=2662459958&perks=1478423395,3492396210,3300816228,1226351311
dimwishlist:item=2662459958&perks=1478423395,3492396210,951095735,3891536761
dimwishlist:item=2662459958&perks=1478423395,3492396210,951095735,469285294
dimwishlist:item=2662459958&perks=1478423395,3492396210,951095735,1226351311
dimwishlist:item=2662459958&perks=1478423395,3492396210,2289534249,3891536761
dimwishlist:item=2662459958&perks=1478423395,3492396210,2289534249,469285294
dimwishlist:item=2662459958&perks=1478423395,3492396210,2289534249,1226351311
dimwishlist:item=2662459958&perks=1478423395,3492396210,1556840489,3891536761
dimwishlist:item=2662459958&perks=1478423395,3492396210,1556840489,469285294
dimwishlist:item=2662459958&perks=1478423395,3492396210,1556840489,1226351311
dimwishlist:item=2662459958&perks=3525010810,1087426260,3300816228,3891536761
dimwishlist:item=2662459958&perks=3525010810,1087426260,3300816228,469285294
dimwishlist:item=2662459958&perks=3525010810,1087426260,3300816228,1226351311
dimwishlist:item=2662459958&perks=3525010810,1087426260,951095735,3891536761
dimwishlist:item=2662459958&perks=3525010810,1087426260,951095735,469285294
dimwishlist:item=2662459958&perks=3525010810,1087426260,951095735,1226351311
dimwishlist:item=2662459958&perks=3525010810,1087426260,2289534249,3891536761
dimwishlist:item=2662459958&perks=3525010810,1087426260,2289534249,469285294
dimwishlist:item=2662459958&perks=3525010810,1087426260,2289534249,1226351311
dimwishlist:item=2662459958&perks=3525010810,1087426260,1556840489,3891536761
dimwishlist:item=2662459958&perks=3525010810,1087426260,1556840489,469285294
dimwishlist:item=2662459958&perks=3525010810,1087426260,1556840489,1226351311
dimwishlist:item=2662459958&perks=3525010810,106909392,3300816228,3891536761
dimwishlist:item=2662459958&perks=3525010810,106909392,3300816228,469285294
dimwishlist:item=2662459958&perks=3525010810,106909392,3300816228,1226351311
dimwishlist:item=2662459958&perks=3525010810,106909392,951095735,3891536761
dimwishlist:item=2662459958&perks=3525010810,106909392,951095735,469285294
dimwishlist:item=2662459958&perks=3525010810,106909392,951095735,1226351311
dimwishlist:item=2662459958&perks=3525010810,106909392,2289534249,3891536761
dimwishlist:item=2662459958&perks=3525010810,106909392,2289534249,469285294
dimwishlist:item=2662459958&perks=3525010810,106909392,2289534249,1226351311
dimwishlist:item=2662459958&perks=3525010810,106909392,1556840489,3891536761
dimwishlist:item=2662459958&perks=3525010810,106909392,1556840489,469285294
dimwishlist:item=2662459958&perks=3525010810,106909392,1556840489,1226351311
dimwishlist:item=2662459958&perks=3525010810,3230963543,3300816228,3891536761
dimwishlist:item=2662459958&perks=3525010810,3230963543,3300816228,469285294
dimwishlist:item=2662459958&perks=3525010810,3230963543,3300816228,1226351311
dimwishlist:item=2662459958&perks=3525010810,3230963543,951095735,3891536761
dimwishlist:item=2662459958&perks=3525010810,3230963543,951095735,469285294
dimwishlist:item=2662459958&perks=3525010810,3230963543,951095735,1226351311
dimwishlist:item=2662459958&perks=3525010810,3230963543,2289534249,3891536761
dimwishlist:item=2662459958&perks=3525010810,3230963543,2289534249,469285294
dimwishlist:item=2662459958&perks=3525010810,3230963543,2289534249,1226351311
dimwishlist:item=2662459958&perks=3525010810,3230963543,1556840489,3891536761
dimwishlist:item=2662459958&perks=3525010810,3230963543,1556840489,469285294
dimwishlist:item=2662459958&perks=3525010810,3230963543,1556840489,1226351311
dimwishlist:item=2662459958&perks=3525010810,2822142346,3300816228,3891536761
dimwishlist:item=2662459958&perks=3525010810,2822142346,3300816228,469285294
dimwishlist:item=2662459958&perks=3525010810,2822142346,3300816228,1226351311
dimwishlist:item=2662459958&perks=3525010810,2822142346,951095735,3891536761
dimwishlist:item=2662459958&perks=3525010810,2822142346,951095735,469285294
dimwishlist:item=2662459958&perks=3525010810,2822142346,951095735,1226351311
dimwishlist:item=2662459958&perks=3525010810,2822142346,2289534249,3891536761
dimwishlist:item=2662459958&perks=3525010810,2822142346,2289534249,469285294
dimwishlist:item=2662459958&perks=3525010810,2822142346,2289534249,1226351311
dimwishlist:item=2662459958&perks=3525010810,2822142346,1556840489,3891536761
dimwishlist:item=2662459958&perks=3525010810,2822142346,1556840489,469285294
dimwishlist:item=2662459958&perks=3525010810,2822142346,1556840489,1226351311
dimwishlist:item=2662459958&perks=3525010810,3492396210,3300816228,3891536761
dimwishlist:item=2662459958&perks=3525010810,3492396210,3300816228,469285294
dimwishlist:item=2662459958&perks=3525010810,3492396210,3300816228,1226351311
dimwishlist:item=2662459958&perks=3525010810,3492396210,951095735,3891536761
dimwishlist:item=2662459958&perks=3525010810,3492396210,951095735,469285294
dimwishlist:item=2662459958&perks=3525010810,3492396210,951095735,1226351311
dimwishlist:item=2662459958&perks=3525010810,3492396210,2289534249,3891536761
dimwishlist:item=2662459958&perks=3525010810,3492396210,2289534249,469285294
dimwishlist:item=2662459958&perks=3525010810,3492396210,2289534249,1226351311
dimwishlist:item=2662459958&perks=3525010810,3492396210,1556840489,3891536761
dimwishlist:item=2662459958&perks=3525010810,3492396210,1556840489,469285294
dimwishlist:item=2662459958&perks=3525010810,3492396210,1556840489,1226351311
dimwishlist:item=2662459958&perks=1441682018,1087426260,3300816228,3891536761
dimwishlist:item=2662459958&perks=1441682018,1087426260,3300816228,469285294
dimwishlist:item=2662459958&perks=1441682018,1087426260,3300816228,1226351311
dimwishlist:item=2662459958&perks=1441682018,1087426260,951095735,3891536761
dimwishlist:item=2662459958&perks=1441682018,1087426260,951095735,469285294
dimwishlist:item=2662459958&perks=1441682018,1087426260,951095735,1226351311
dimwishlist:item=2662459958&perks=1441682018,1087426260,2289534249,3891536761
dimwishlist:item=2662459958&perks=1441682018,1087426260,2289534249,469285294
dimwishlist:item=2662459958&perks=1441682018,1087426260,2289534249,1226351311
dimwishlist:item=2662459958&perks=1441682018,1087426260,1556840489,3891536761
dimwishlist:item=2662459958&perks=1441682018,1087426260,1556840489,469285294
dimwishlist:item=2662459958&perks=1441682018,1087426260,1556840489,1226351311
dimwishlist:item=2662459958&perks=1441682018,106909392,3300816228,3891536761
dimwishlist:item=2662459958&perks=1441682018,106909392,3300816228,469285294
dimwishlist:item=2662459958&perks=1441682018,106909392,3300816228,1226351311
dimwishlist:item=2662459958&perks=1441682018,106909392,951095735,3891536761
dimwishlist:item=2662459958&perks=1441682018,106909392,951095735,469285294
dimwishlist:item=2662459958&perks=1441682018,106909392,951095735,1226351311
dimwishlist:item=2662459958&perks=1441682018,106909392,2289534249,3891536761
dimwishlist:item=2662459958&perks=1441682018,106909392,2289534249,469285294
dimwishlist:item=2662459958&perks=1441682018,106909392,2289534249,1226351311
dimwishlist:item=2662459958&perks=1441682018,106909392,1556840489,3891536761
dimwishlist:item=2662459958&perks=1441682018,106909392,1556840489,469285294
dimwishlist:item=2662459958&perks=1441682018,106909392,1556840489,1226351311
dimwishlist:item=2662459958&perks=1441682018,3230963543,3300816228,3891536761
dimwishlist:item=2662459958&perks=1441682018,3230963543,3300816228,469285294
dimwishlist:item=2662459958&perks=1441682018,3230963543,3300816228,1226351311
dimwishlist:item=2662459958&perks=1441682018,3230963543,951095735,3891536761
dimwishlist:item=2662459958&perks=1441682018,3230963543,951095735,469285294
dimwishlist:item=2662459958&perks=1441682018,3230963543,951095735,1226351311
dimwishlist:item=2662459958&perks=1441682018,3230963543,2289534249,3891536761
dimwishlist:item=2662459958&perks=1441682018,3230963543,2289534249,469285294
dimwishlist:item=2662459958&perks=1441682018,3230963543,2289534249,1226351311
dimwishlist:item=2662459958&perks=1441682018,3230963543,1556840489,3891536761
dimwishlist:item=2662459958&perks=1441682018,3230963543,1556840489,469285294
dimwishlist:item=2662459958&perks=1441682018,3230963543,1556840489,1226351311
dimwishlist:item=2662459958&perks=1441682018,2822142346,3300816228,3891536761
dimwishlist:item=2662459958&perks=1441682018,2822142346,3300816228,469285294
dimwishlist:item=2662459958&perks=1441682018,2822142346,3300816228,1226351311
dimwishlist:item=2662459958&perks=1441682018,2822142346,951095735,3891536761
dimwishlist:item=2662459958&perks=1441682018,2822142346,951095735,469285294
dimwishlist:item=2662459958&perks=1441682018,2822142346,951095735,1226351311
dimwishlist:item=2662459958&perks=1441682018,2822142346,2289534249,3891536761
dimwishlist:item=2662459958&perks=1441682018,2822142346,2289534249,469285294
dimwishlist:item=2662459958&perks=1441682018,2822142346,2289534249,1226351311
dimwishlist:item=2662459958&perks=1441682018,2822142346,1556840489,3891536761
dimwishlist:item=2662459958&perks=1441682018,2822142346,1556840489,469285294
dimwishlist:item=2662459958&perks=1441682018,2822142346,1556840489,1226351311
dimwishlist:item=2662459958&perks=1441682018,3492396210,3300816228,3891536761
dimwishlist:item=2662459958&perks=1441682018,3492396210,3300816228,469285294
dimwishlist:item=2662459958&perks=1441682018,3492396210,3300816228,1226351311
dimwishlist:item=2662459958&perks=1441682018,3492396210,951095735,3891536761
dimwishlist:item=2662459958&perks=1441682018,3492396210,951095735,469285294
dimwishlist:item=2662459958&perks=1441682018,3492396210,951095735,1226351311
dimwishlist:item=2662459958&perks=1441682018,3492396210,2289534249,3891536761
dimwishlist:item=2662459958&perks=1441682018,3492396210,2289534249,469285294
dimwishlist:item=2662459958&perks=1441682018,3492396210,2289534249,1226351311
dimwishlist:item=2662459958&perks=1441682018,3492396210,1556840489,3891536761
dimwishlist:item=2662459958&perks=1441682018,3492396210,1556840489,469285294
dimwishlist:item=2662459958&perks=1441682018,3492396210,1556840489,1226351311
dimwishlist:item=2662459958&perks=3798852852,1087426260,3300816228,3891536761
dimwishlist:item=2662459958&perks=3798852852,1087426260,3300816228,469285294
dimwishlist:item=2662459958&perks=3798852852,1087426260,3300816228,1226351311
dimwishlist:item=2662459958&perks=3798852852,1087426260,951095735,3891536761
dimwishlist:item=2662459958&perks=3798852852,1087426260,951095735,469285294
dimwishlist:item=2662459958&perks=3798852852,1087426260,951095735,1226351311
dimwishlist:item=2662459958&perks=3798852852,1087426260,2289534249,3891536761
dimwishlist:item=2662459958&perks=3798852852,1087426260,2289534249,469285294
dimwishlist:item=2662459958&perks=3798852852,1087426260,2289534249,1226351311
dimwishlist:item=2662459958&perks=3798852852,1087426260,1556840489,3891536761
dimwishlist:item=2662459958&perks=3798852852,1087426260,1556840489,469285294
dimwishlist:item=2662459958&perks=3798852852,1087426260,1556840489,1226351311
dimwishlist:item=2662459958&perks=3798852852,106909392,3300816228,3891536761
dimwishlist:item=2662459958&perks=3798852852,106909392,3300816228,469285294
dimwishlist:item=2662459958&perks=3798852852,106909392,3300816228,1226351311
dimwishlist:item=2662459958&perks=3798852852,106909392,951095735,3891536761
dimwishlist:item=2662459958&perks=3798852852,106909392,951095735,469285294
dimwishlist:item=2662459958&perks=3798852852,106909392,951095735,1226351311
dimwishlist:item=2662459958&perks=3798852852,106909392,2289534249,3891536761
dimwishlist:item=2662459958&perks=3798852852,106909392,2289534249,469285294
dimwishlist:item=2662459958&perks=3798852852,106909392,2289534249,1226351311
dimwishlist:item=2662459958&perks=3798852852,106909392,1556840489,3891536761
dimwishlist:item=2662459958&perks=3798852852,106909392,1556840489,469285294
dimwishlist:item=2662459958&perks=3798852852,106909392,1556840489,1226351311
dimwishlist:item=2662459958&perks=3798852852,3230963543,3300816228,3891536761
dimwishlist:item=2662459958&perks=3798852852,3230963543,3300816228,469285294
dimwishlist:item=2662459958&perks=3798852852,3230963543,3300816228,1226351311
dimwishlist:item=2662459958&perks=3798852852,3230963543,951095735,3891536761
dimwishlist:item=2662459958&perks=3798852852,3230963543,951095735,469285294
dimwishlist:item=2662459958&perks=3798852852,3230963543,951095735,1226351311
dimwishlist:item=2662459958&perks=3798852852,3230963543,2289534249,3891536761
dimwishlist:item=2662459958&perks=3798852852,3230963543,2289534249,469285294
dimwishlist:item=2662459958&perks=3798852852,3230963543,2289534249,1226351311
dimwishlist:item=2662459958&perks=3798852852,3230963543,1556840489,3891536761
dimwishlist:item=2662459958&perks=3798852852,3230963543,1556840489,469285294
dimwishlist:item=2662459958&perks=3798852852,3230963543,1556840489,1226351311
dimwishlist:item=2662459958&perks=3798852852,2822142346,3300816228,3891536761
dimwishlist:item=2662459958&perks=3798852852,2822142346,3300816228,469285294
dimwishlist:item=2662459958&perks=3798852852,2822142346,3300816228,1226351311
dimwishlist:item=2662459958&perks=3798852852,2822142346,951095735,3891536761
dimwishlist:item=2662459958&perks=3798852852,2822142346,951095735,469285294
dimwishlist:item=2662459958&perks=3798852852,2822142346,951095735,1226351311
dimwishlist:item=2662459958&perks=3798852852,2822142346,2289534249,3891536761
dimwishlist:item=2662459958&perks=3798852852,2822142346,2289534249,469285294
dimwishlist:item=2662459958&perks=3798852852,2822142346,2289534249,1226351311
dimwishlist:item=2662459958&perks=3798852852,2822142346,1556840489,3891536761
dimwishlist:item=2662459958&perks=3798852852,2822142346,1556840489,469285294
dimwishlist:item=2662459958&perks=3798852852,2822142346,1556840489,1226351311
dimwishlist:item=2662459958&perks=3798852852,3492396210,3300816228,3891536761
dimwishlist:item=2662459958&perks=3798852852,3492396210,3300816228,469285294
dimwishlist:item=2662459958&perks=3798852852,3492396210,3300816228,1226351311
dimwishlist:item=2662459958&perks=3798852852,3492396210,951095735,3891536761
dimwishlist:item=2662459958&perks=3798852852,3492396210,951095735,469285294
dimwishlist:item=2662459958&perks=3798852852,3492396210,951095735,1226351311
dimwishlist:item=2662459958&perks=3798852852,3492396210,2289534249,3891536761
dimwishlist:item=2662459958&perks=3798852852,3492396210,2289534249,469285294
dimwishlist:item=2662459958&perks=3798852852,3492396210,2289534249,1226351311
dimwishlist:item=2662459958&perks=3798852852,3492396210,1556840489,3891536761
dimwishlist:item=2662459958&perks=3798852852,3492396210,1556840489,469285294
dimwishlist:item=2662459958&perks=3798852852,3492396210,1556840489,1226351311
dimwishlist:item=2662459958&perks=981914802,1087426260,3300816228,3891536761
dimwishlist:item=2662459958&perks=981914802,1087426260,3300816228,469285294
dimwishlist:item=2662459958&perks=981914802,1087426260,3300816228,1226351311
dimwishlist:item=2662459958&perks=981914802,1087426260,951095735,3891536761
dimwishlist:item=2662459958&perks=981914802,1087426260,951095735,469285294
dimwishlist:item=2662459958&perks=981914802,1087426260,951095735,1226351311
dimwishlist:item=2662459958&perks=981914802,1087426260,2289534249,3891536761
dimwishlist:item=2662459958&perks=981914802,1087426260,2289534249,469285294
dimwishlist:item=2662459958&perks=981914802,1087426260,2289534249,1226351311
dimwishlist:item=2662459958&perks=981914802,1087426260,1556840489,3891536761
dimwishlist:item=2662459958&perks=981914802,1087426260,1556840489,469285294
dimwishlist:item=2662459958&perks=981914802,1087426260,1556840489,1226351311
dimwishlist:item=2662459958&perks=981914802,106909392,3300816228,3891536761
dimwishlist:item=2662459958&perks=981914802,106909392,3300816228,469285294
dimwishlist:item=2662459958&perks=981914802,106909392,3300816228,1226351311
dimwishlist:item=2662459958&perks=981914802,106909392,951095735,3891536761
dimwishlist:item=2662459958&perks=981914802,106909392,951095735,469285294
dimwishlist:item=2662459958&perks=981914802,106909392,951095735,1226351311
dimwishlist:item=2662459958&perks=981914802,106909392,2289534249,3891536761
dimwishlist:item=2662459958&perks=981914802,106909392,2289534249,469285294
dimwishlist:item=2662459958&perks=981914802,106909392,2289534249,1226351311
dimwishlist:item=2662459958&perks=981914802,106909392,1556840489,3891536761
dimwishlist:item=2662459958&perks=981914802,106909392,1556840489,469285294
dimwishlist:item=2662459958&perks=981914802,106909392,1556840489,1226351311
dimwishlist:item=2662459958&perks=981914802,3230963543,3300816228,3891536761
dimwishlist:item=2662459958&perks=981914802,3230963543,3300816228,469285294
dimwishlist:item=2662459958&perks=981914802,3230963543,3300816228,1226351311
dimwishlist:item=2662459958&perks=981914802,3230963543,951095735,3891536761
dimwishlist:item=2662459958&perks=981914802,3230963543,951095735,469285294
dimwishlist:item=2662459958&perks=981914802,3230963543,951095735,1226351311
dimwishlist:item=2662459958&perks=981914802,3230963543,2289534249,3891536761
dimwishlist:item=2662459958&perks=981914802,3230963543,2289534249,469285294
dimwishlist:item=2662459958&perks=981914802,3230963543,2289534249,1226351311
dimwishlist:item=2662459958&perks=981914802,3230963543,1556840489,3891536761
dimwishlist:item=2662459958&perks=981914802,3230963543,1556840489,469285294
dimwishlist:item=2662459958&perks=981914802,3230963543,1556840489,1226351311
dimwishlist:item=2662459958&perks=981914802,2822142346,3300816228,3891536761
dimwishlist:item=2662459958&perks=981914802,2822142346,3300816228,469285294
dimwishlist:item=2662459958&perks=981914802,2822142346,3300816228,1226351311
dimwishlist:item=2662459958&perks=981914802,2822142346,951095735,3891536761
dimwishlist:item=2662459958&perks=981914802,2822142346,951095735,469285294
dimwishlist:item=2662459958&perks=981914802,2822142346,951095735,1226351311
dimwishlist:item=2662459958&perks=981914802,2822142346,2289534249,3891536761
dimwishlist:item=2662459958&perks=981914802,2822142346,2289534249,469285294
dimwishlist:item=2662459958&perks=981914802,2822142346,2289534249,1226351311
dimwishlist:item=2662459958&perks=981914802,2822142346,1556840489,3891536761
dimwishlist:item=2662459958&perks=981914802,2822142346,1556840489,469285294
dimwishlist:item=2662459958&perks=981914802,2822142346,1556840489,1226351311
dimwishlist:item=2662459958&perks=981914802,3492396210,3300816228,3891536761
dimwishlist:item=2662459958&perks=981914802,3492396210,3300816228,469285294
dimwishlist:item=2662459958&perks=981914802,3492396210,3300816228,1226351311
dimwishlist:item=2662459958&perks=981914802,3492396210,951095735,3891536761
dimwishlist:item=2662459958&perks=981914802,3492396210,951095735,469285294
dimwishlist:item=2662459958&perks=981914802,3492396210,951095735,1226351311
dimwishlist:item=2662459958&perks=981914802,3492396210,2289534249,3891536761
dimwishlist:item=2662459958&perks=981914802,3492396210,2289534249,469285294
dimwishlist:item=2662459958&perks=981914802,3492396210,2289534249,1226351311
dimwishlist:item=2662459958&perks=981914802,3492396210,1556840489,3891536761
dimwishlist:item=2662459958&perks=981914802,3492396210,1556840489,469285294
dimwishlist:item=2662459958&perks=981914802,3492396210,1556840489,1226351311


// Hailing Confusion - 呼啸之惑 (pve)
//notes: tags:pve
dimwishlist:item=4236134153&perks=839105230,1087426260,124408337,2922950962
dimwishlist:item=4236134153&perks=839105230,1087426260,124408337,657025441
dimwishlist:item=4236134153&perks=839105230,1087426260,1955165503,2922950962
dimwishlist:item=4236134153&perks=839105230,1087426260,1955165503,657025441
dimwishlist:item=4236134153&perks=839105230,3230963543,124408337,2922950962
dimwishlist:item=4236134153&perks=839105230,3230963543,124408337,657025441
dimwishlist:item=4236134153&perks=839105230,3230963543,1955165503,2922950962
dimwishlist:item=4236134153&perks=839105230,3230963543,1955165503,657025441
dimwishlist:item=4236134153&perks=839105230,106909392,124408337,2922950962
dimwishlist:item=4236134153&perks=839105230,106909392,124408337,657025441
dimwishlist:item=4236134153&perks=839105230,106909392,1955165503,2922950962
dimwishlist:item=4236134153&perks=839105230,106909392,1955165503,657025441
dimwishlist:item=4236134153&perks=4090651448,1087426260,124408337,2922950962
dimwishlist:item=4236134153&perks=4090651448,1087426260,124408337,657025441
dimwishlist:item=4236134153&perks=4090651448,1087426260,1955165503,2922950962
dimwishlist:item=4236134153&perks=4090651448,1087426260,1955165503,657025441
dimwishlist:item=4236134153&perks=4090651448,3230963543,124408337,2922950962
dimwishlist:item=4236134153&perks=4090651448,3230963543,124408337,657025441
dimwishlist:item=4236134153&perks=4090651448,3230963543,1955165503,2922950962
dimwishlist:item=4236134153&perks=4090651448,3230963543,1955165503,657025441
dimwishlist:item=4236134153&perks=4090651448,106909392,124408337,2922950962
dimwishlist:item=4236134153&perks=4090651448,106909392,124408337,657025441
dimwishlist:item=4236134153&perks=4090651448,106909392,1955165503,2922950962
dimwishlist:item=4236134153&perks=4090651448,106909392,1955165503,657025441
dimwishlist:item=4236134153&perks=1840239774,1087426260,124408337,2922950962
dimwishlist:item=4236134153&perks=1840239774,1087426260,124408337,657025441
dimwishlist:item=4236134153&perks=1840239774,1087426260,1955165503,2922950962
dimwishlist:item=4236134153&perks=1840239774,1087426260,1955165503,657025441
dimwishlist:item=4236134153&perks=1840239774,3230963543,124408337,2922950962
dimwishlist:item=4236134153&perks=1840239774,3230963543,124408337,657025441
dimwishlist:item=4236134153&perks=1840239774,3230963543,1955165503,2922950962
dimwishlist:item=4236134153&perks=1840239774,3230963543,1955165503,657025441
dimwishlist:item=4236134153&perks=1840239774,106909392,124408337,2922950962
dimwishlist:item=4236134153&perks=1840239774,106909392,124408337,657025441
dimwishlist:item=4236134153&perks=1840239774,106909392,1955165503,2922950962
dimwishlist:item=4236134153&perks=1840239774,106909392,1955165503,657025441


