title:目的地-苍白之心
description:凯旋纪念碑

// Bold Endings - 大胆终末 (pve)
//notes: 只能清怪 tags:pve
dimwishlist:item=496728945&perks=839105230,106909392,243981275,2922950962
dimwishlist:item=496728945&perks=839105230,106909392,243981275,4104185692
dimwishlist:item=496728945&perks=839105230,106909392,1955165503,2922950962
dimwishlist:item=496728945&perks=839105230,106909392,1955165503,4104185692
dimwishlist:item=496728945&perks=839105230,3230963543,243981275,2922950962
dimwishlist:item=496728945&perks=839105230,3230963543,243981275,4104185692
dimwishlist:item=496728945&perks=839105230,3230963543,1955165503,2922950962
dimwishlist:item=496728945&perks=839105230,3230963543,1955165503,4104185692
dimwishlist:item=496728945&perks=839105230,791862061,243981275,2922950962
dimwishlist:item=496728945&perks=839105230,791862061,243981275,4104185692
dimwishlist:item=496728945&perks=839105230,791862061,1955165503,2922950962
dimwishlist:item=496728945&perks=839105230,791862061,1955165503,4104185692
dimwishlist:item=496728945&perks=4090651448,106909392,243981275,2922950962
dimwishlist:item=496728945&perks=4090651448,106909392,243981275,4104185692
dimwishlist:item=496728945&perks=4090651448,106909392,1955165503,2922950962
dimwishlist:item=496728945&perks=4090651448,106909392,1955165503,4104185692
dimwishlist:item=496728945&perks=4090651448,3230963543,243981275,2922950962
dimwishlist:item=496728945&perks=4090651448,3230963543,243981275,4104185692
dimwishlist:item=496728945&perks=4090651448,3230963543,1955165503,2922950962
dimwishlist:item=496728945&perks=4090651448,3230963543,1955165503,4104185692
dimwishlist:item=496728945&perks=4090651448,791862061,243981275,2922950962
dimwishlist:item=496728945&perks=4090651448,791862061,243981275,4104185692
dimwishlist:item=496728945&perks=4090651448,791862061,1955165503,2922950962
dimwishlist:item=496728945&perks=4090651448,791862061,1955165503,4104185692
dimwishlist:item=496728945&perks=1840239774,106909392,243981275,2922950962
dimwishlist:item=496728945&perks=1840239774,106909392,243981275,4104185692
dimwishlist:item=496728945&perks=1840239774,106909392,1955165503,2922950962
dimwishlist:item=496728945&perks=1840239774,106909392,1955165503,4104185692
dimwishlist:item=496728945&perks=1840239774,3230963543,243981275,2922950962
dimwishlist:item=496728945&perks=1840239774,3230963543,243981275,4104185692
dimwishlist:item=496728945&perks=1840239774,3230963543,1955165503,2922950962
dimwishlist:item=496728945&perks=1840239774,3230963543,1955165503,4104185692
dimwishlist:item=496728945&perks=1840239774,791862061,243981275,2922950962
dimwishlist:item=496728945&perks=1840239774,791862061,243981275,4104185692
dimwishlist:item=496728945&perks=1840239774,791862061,1955165503,2922950962
dimwishlist:item=496728945&perks=1840239774,791862061,1955165503,4104185692


// No Hesitation - 毫不迟疑 (god-pve)
//notes: 原先三号位就有医治上恢复，四号位混沌重塑进一步保障生存+增伤，或者能量球下蛋 tags:god-pve
dimwishlist:item=1801007332&perks=839105230,1087426260,2980589453,3640170453
dimwishlist:item=1801007332&perks=839105230,1087426260,2980589453,243981275
dimwishlist:item=1801007332&perks=839105230,106909392,2980589453,3640170453
dimwishlist:item=1801007332&perks=839105230,106909392,2980589453,243981275
dimwishlist:item=1801007332&perks=839105230,3230963543,2980589453,3640170453
dimwishlist:item=1801007332&perks=839105230,3230963543,2980589453,243981275
dimwishlist:item=1801007332&perks=4090651448,1087426260,2980589453,3640170453
dimwishlist:item=1801007332&perks=4090651448,1087426260,2980589453,243981275
dimwishlist:item=1801007332&perks=4090651448,106909392,2980589453,3640170453
dimwishlist:item=1801007332&perks=4090651448,106909392,2980589453,243981275
dimwishlist:item=1801007332&perks=4090651448,3230963543,2980589453,3640170453
dimwishlist:item=1801007332&perks=4090651448,3230963543,2980589453,243981275
dimwishlist:item=1801007332&perks=1840239774,1087426260,2980589453,3640170453
dimwishlist:item=1801007332&perks=1840239774,1087426260,2980589453,243981275
dimwishlist:item=1801007332&perks=1840239774,106909392,2980589453,3640170453
dimwishlist:item=1801007332&perks=1840239774,106909392,2980589453,243981275
dimwishlist:item=1801007332&perks=1840239774,3230963543,2980589453,3640170453
dimwishlist:item=1801007332&perks=1840239774,3230963543,2980589453,243981275


// Embraced Identity - 拥抱身份 (pve)
//notes: 双增伤狙，斩首+转向。斩首+转向不如无声的诱导+转向爆，但不适合短轴输出。 tags:pve
dimwishlist:item=2821677368&perks=839105230,106909392,1546637391,3201496230
dimwishlist:item=2821677368&perks=839105230,106909392,1546637391,3764420437
dimwishlist:item=2821677368&perks=839105230,106909392,1546637391,555281244
dimwishlist:item=2821677368&perks=839105230,106909392,1546637391,1089671869
dimwishlist:item=2821677368&perks=839105230,106909392,1523832109,3201496230
dimwishlist:item=2821677368&perks=839105230,106909392,1523832109,3764420437
dimwishlist:item=2821677368&perks=839105230,106909392,1523832109,555281244
dimwishlist:item=2821677368&perks=839105230,106909392,1523832109,1089671869
dimwishlist:item=2821677368&perks=839105230,106909392,3418782618,3201496230
dimwishlist:item=2821677368&perks=839105230,106909392,3418782618,3764420437
dimwishlist:item=2821677368&perks=839105230,106909392,3418782618,555281244
dimwishlist:item=2821677368&perks=839105230,106909392,3418782618,1089671869
dimwishlist:item=2821677368&perks=839105230,106909392,1134488199,3201496230
dimwishlist:item=2821677368&perks=839105230,106909392,1134488199,3764420437
dimwishlist:item=2821677368&perks=839105230,106909392,1134488199,555281244
dimwishlist:item=2821677368&perks=839105230,106909392,1134488199,1089671869
dimwishlist:item=2821677368&perks=839105230,3230963543,1546637391,3201496230
dimwishlist:item=2821677368&perks=839105230,3230963543,1546637391,3764420437
dimwishlist:item=2821677368&perks=839105230,3230963543,1546637391,555281244
dimwishlist:item=2821677368&perks=839105230,3230963543,1546637391,1089671869
dimwishlist:item=2821677368&perks=839105230,3230963543,1523832109,3201496230
dimwishlist:item=2821677368&perks=839105230,3230963543,1523832109,3764420437
dimwishlist:item=2821677368&perks=839105230,3230963543,1523832109,555281244
dimwishlist:item=2821677368&perks=839105230,3230963543,1523832109,1089671869
dimwishlist:item=2821677368&perks=839105230,3230963543,3418782618,3201496230
dimwishlist:item=2821677368&perks=839105230,3230963543,3418782618,3764420437
dimwishlist:item=2821677368&perks=839105230,3230963543,3418782618,555281244
dimwishlist:item=2821677368&perks=839105230,3230963543,3418782618,1089671869
dimwishlist:item=2821677368&perks=839105230,3230963543,1134488199,3201496230
dimwishlist:item=2821677368&perks=839105230,3230963543,1134488199,3764420437
dimwishlist:item=2821677368&perks=839105230,3230963543,1134488199,555281244
dimwishlist:item=2821677368&perks=839105230,3230963543,1134488199,1089671869
dimwishlist:item=2821677368&perks=839105230,1087426260,1546637391,3201496230
dimwishlist:item=2821677368&perks=839105230,1087426260,1546637391,3764420437
dimwishlist:item=2821677368&perks=839105230,1087426260,1546637391,555281244
dimwishlist:item=2821677368&perks=839105230,1087426260,1546637391,1089671869
dimwishlist:item=2821677368&perks=839105230,1087426260,1523832109,3201496230
dimwishlist:item=2821677368&perks=839105230,1087426260,1523832109,3764420437
dimwishlist:item=2821677368&perks=839105230,1087426260,1523832109,555281244
dimwishlist:item=2821677368&perks=839105230,1087426260,1523832109,1089671869
dimwishlist:item=2821677368&perks=839105230,1087426260,3418782618,3201496230
dimwishlist:item=2821677368&perks=839105230,1087426260,3418782618,3764420437
dimwishlist:item=2821677368&perks=839105230,1087426260,3418782618,555281244
dimwishlist:item=2821677368&perks=839105230,1087426260,3418782618,1089671869
dimwishlist:item=2821677368&perks=839105230,1087426260,1134488199,3201496230
dimwishlist:item=2821677368&perks=839105230,1087426260,1134488199,3764420437
dimwishlist:item=2821677368&perks=839105230,1087426260,1134488199,555281244
dimwishlist:item=2821677368&perks=839105230,1087426260,1134488199,1089671869
dimwishlist:item=2821677368&perks=4090651448,106909392,1546637391,3201496230
dimwishlist:item=2821677368&perks=4090651448,106909392,1546637391,3764420437
dimwishlist:item=2821677368&perks=4090651448,106909392,1546637391,555281244
dimwishlist:item=2821677368&perks=4090651448,106909392,1546637391,1089671869
dimwishlist:item=2821677368&perks=4090651448,106909392,1523832109,3201496230
dimwishlist:item=2821677368&perks=4090651448,106909392,1523832109,3764420437
dimwishlist:item=2821677368&perks=4090651448,106909392,1523832109,555281244
dimwishlist:item=2821677368&perks=4090651448,106909392,1523832109,1089671869
dimwishlist:item=2821677368&perks=4090651448,106909392,3418782618,3201496230
dimwishlist:item=2821677368&perks=4090651448,106909392,3418782618,3764420437
dimwishlist:item=2821677368&perks=4090651448,106909392,3418782618,555281244
dimwishlist:item=2821677368&perks=4090651448,106909392,3418782618,1089671869
dimwishlist:item=2821677368&perks=4090651448,106909392,1134488199,3201496230
dimwishlist:item=2821677368&perks=4090651448,106909392,1134488199,3764420437
dimwishlist:item=2821677368&perks=4090651448,106909392,1134488199,555281244
dimwishlist:item=2821677368&perks=4090651448,106909392,1134488199,1089671869
dimwishlist:item=2821677368&perks=4090651448,3230963543,1546637391,3201496230
dimwishlist:item=2821677368&perks=4090651448,3230963543,1546637391,3764420437
dimwishlist:item=2821677368&perks=4090651448,3230963543,1546637391,555281244
dimwishlist:item=2821677368&perks=4090651448,3230963543,1546637391,1089671869
dimwishlist:item=2821677368&perks=4090651448,3230963543,1523832109,3201496230
dimwishlist:item=2821677368&perks=4090651448,3230963543,1523832109,3764420437
dimwishlist:item=2821677368&perks=4090651448,3230963543,1523832109,555281244
dimwishlist:item=2821677368&perks=4090651448,3230963543,1523832109,1089671869
dimwishlist:item=2821677368&perks=4090651448,3230963543,3418782618,3201496230
dimwishlist:item=2821677368&perks=4090651448,3230963543,3418782618,3764420437
dimwishlist:item=2821677368&perks=4090651448,3230963543,3418782618,555281244
dimwishlist:item=2821677368&perks=4090651448,3230963543,3418782618,1089671869
dimwishlist:item=2821677368&perks=4090651448,3230963543,1134488199,3201496230
dimwishlist:item=2821677368&perks=4090651448,3230963543,1134488199,3764420437
dimwishlist:item=2821677368&perks=4090651448,3230963543,1134488199,555281244
dimwishlist:item=2821677368&perks=4090651448,3230963543,1134488199,1089671869
dimwishlist:item=2821677368&perks=4090651448,1087426260,1546637391,3201496230
dimwishlist:item=2821677368&perks=4090651448,1087426260,1546637391,3764420437
dimwishlist:item=2821677368&perks=4090651448,1087426260,1546637391,555281244
dimwishlist:item=2821677368&perks=4090651448,1087426260,1546637391,1089671869
dimwishlist:item=2821677368&perks=4090651448,1087426260,1523832109,3201496230
dimwishlist:item=2821677368&perks=4090651448,1087426260,1523832109,3764420437
dimwishlist:item=2821677368&perks=4090651448,1087426260,1523832109,555281244
dimwishlist:item=2821677368&perks=4090651448,1087426260,1523832109,1089671869
dimwishlist:item=2821677368&perks=4090651448,1087426260,3418782618,3201496230
dimwishlist:item=2821677368&perks=4090651448,1087426260,3418782618,3764420437
dimwishlist:item=2821677368&perks=4090651448,1087426260,3418782618,555281244
dimwishlist:item=2821677368&perks=4090651448,1087426260,3418782618,1089671869
dimwishlist:item=2821677368&perks=4090651448,1087426260,1134488199,3201496230
dimwishlist:item=2821677368&perks=4090651448,1087426260,1134488199,3764420437
dimwishlist:item=2821677368&perks=4090651448,1087426260,1134488199,555281244
dimwishlist:item=2821677368&perks=4090651448,1087426260,1134488199,1089671869
dimwishlist:item=2821677368&perks=1840239774,106909392,1546637391,3201496230
dimwishlist:item=2821677368&perks=1840239774,106909392,1546637391,3764420437
dimwishlist:item=2821677368&perks=1840239774,106909392,1546637391,555281244
dimwishlist:item=2821677368&perks=1840239774,106909392,1546637391,1089671869
dimwishlist:item=2821677368&perks=1840239774,106909392,1523832109,3201496230
dimwishlist:item=2821677368&perks=1840239774,106909392,1523832109,3764420437
dimwishlist:item=2821677368&perks=1840239774,106909392,1523832109,555281244
dimwishlist:item=2821677368&perks=1840239774,106909392,1523832109,1089671869
dimwishlist:item=2821677368&perks=1840239774,106909392,3418782618,3201496230
dimwishlist:item=2821677368&perks=1840239774,106909392,3418782618,3764420437
dimwishlist:item=2821677368&perks=1840239774,106909392,3418782618,555281244
dimwishlist:item=2821677368&perks=1840239774,106909392,3418782618,1089671869
dimwishlist:item=2821677368&perks=1840239774,106909392,1134488199,3201496230
dimwishlist:item=2821677368&perks=1840239774,106909392,1134488199,3764420437
dimwishlist:item=2821677368&perks=1840239774,106909392,1134488199,555281244
dimwishlist:item=2821677368&perks=1840239774,106909392,1134488199,1089671869
dimwishlist:item=2821677368&perks=1840239774,3230963543,1546637391,3201496230
dimwishlist:item=2821677368&perks=1840239774,3230963543,1546637391,3764420437
dimwishlist:item=2821677368&perks=1840239774,3230963543,1546637391,555281244
dimwishlist:item=2821677368&perks=1840239774,3230963543,1546637391,1089671869
dimwishlist:item=2821677368&perks=1840239774,3230963543,1523832109,3201496230
dimwishlist:item=2821677368&perks=1840239774,3230963543,1523832109,3764420437
dimwishlist:item=2821677368&perks=1840239774,3230963543,1523832109,555281244
dimwishlist:item=2821677368&perks=1840239774,3230963543,1523832109,1089671869
dimwishlist:item=2821677368&perks=1840239774,3230963543,3418782618,3201496230
dimwishlist:item=2821677368&perks=1840239774,3230963543,3418782618,3764420437
dimwishlist:item=2821677368&perks=1840239774,3230963543,3418782618,555281244
dimwishlist:item=2821677368&perks=1840239774,3230963543,3418782618,1089671869
dimwishlist:item=2821677368&perks=1840239774,3230963543,1134488199,3201496230
dimwishlist:item=2821677368&perks=1840239774,3230963543,1134488199,3764420437
dimwishlist:item=2821677368&perks=1840239774,3230963543,1134488199,555281244
dimwishlist:item=2821677368&perks=1840239774,3230963543,1134488199,1089671869
dimwishlist:item=2821677368&perks=1840239774,1087426260,1546637391,3201496230
dimwishlist:item=2821677368&perks=1840239774,1087426260,1546637391,3764420437
dimwishlist:item=2821677368&perks=1840239774,1087426260,1546637391,555281244
dimwishlist:item=2821677368&perks=1840239774,1087426260,1546637391,1089671869
dimwishlist:item=2821677368&perks=1840239774,1087426260,1523832109,3201496230
dimwishlist:item=2821677368&perks=1840239774,1087426260,1523832109,3764420437
dimwishlist:item=2821677368&perks=1840239774,1087426260,1523832109,555281244
dimwishlist:item=2821677368&perks=1840239774,1087426260,1523832109,1089671869
dimwishlist:item=2821677368&perks=1840239774,1087426260,3418782618,3201496230
dimwishlist:item=2821677368&perks=1840239774,1087426260,3418782618,3764420437
dimwishlist:item=2821677368&perks=1840239774,1087426260,3418782618,555281244
dimwishlist:item=2821677368&perks=1840239774,1087426260,3418782618,1089671869
dimwishlist:item=2821677368&perks=1840239774,1087426260,1134488199,3201496230
dimwishlist:item=2821677368&perks=1840239774,1087426260,1134488199,3764420437
dimwishlist:item=2821677368&perks=1840239774,1087426260,1134488199,555281244
dimwishlist:item=2821677368&perks=1840239774,1087426260,1134488199,1089671869


// Someday - 有朝一日 (pve)
//notes: 不缺pvp喷或有特殊需求可以整一把，理论上单发最高伤害的打拳喷（但需要叠），重组也方便破屏障 tags:pve
dimwishlist:item=3232203524&perks=1482024992,791862061,2679249093,469285294
dimwishlist:item=3232203524&perks=1482024992,791862061,2679249093,3751912585
dimwishlist:item=3232203524&perks=1482024992,791862061,1556840489,469285294
dimwishlist:item=3232203524&perks=1482024992,791862061,1556840489,3751912585
dimwishlist:item=3232203524&perks=1482024992,106909392,2679249093,469285294
dimwishlist:item=3232203524&perks=1482024992,106909392,2679249093,3751912585
dimwishlist:item=3232203524&perks=1482024992,106909392,1556840489,469285294
dimwishlist:item=3232203524&perks=1482024992,106909392,1556840489,3751912585
dimwishlist:item=3232203524&perks=1482024992,1087426260,2679249093,469285294
dimwishlist:item=3232203524&perks=1482024992,1087426260,2679249093,3751912585
dimwishlist:item=3232203524&perks=1482024992,1087426260,1556840489,469285294
dimwishlist:item=3232203524&perks=1482024992,1087426260,1556840489,3751912585
dimwishlist:item=3232203524&perks=1300023272,791862061,2679249093,469285294
dimwishlist:item=3232203524&perks=1300023272,791862061,2679249093,3751912585
dimwishlist:item=3232203524&perks=1300023272,791862061,1556840489,469285294
dimwishlist:item=3232203524&perks=1300023272,791862061,1556840489,3751912585
dimwishlist:item=3232203524&perks=1300023272,106909392,2679249093,469285294
dimwishlist:item=3232203524&perks=1300023272,106909392,2679249093,3751912585
dimwishlist:item=3232203524&perks=1300023272,106909392,1556840489,469285294
dimwishlist:item=3232203524&perks=1300023272,106909392,1556840489,3751912585
dimwishlist:item=3232203524&perks=1300023272,1087426260,2679249093,469285294
dimwishlist:item=3232203524&perks=1300023272,1087426260,2679249093,3751912585
dimwishlist:item=3232203524&perks=1300023272,1087426260,1556840489,469285294
dimwishlist:item=3232203524&perks=1300023272,1087426260,1556840489,3751912585
dimwishlist:item=3232203524&perks=4090651448,791862061,2679249093,469285294
dimwishlist:item=3232203524&perks=4090651448,791862061,2679249093,3751912585
dimwishlist:item=3232203524&perks=4090651448,791862061,1556840489,469285294
dimwishlist:item=3232203524&perks=4090651448,791862061,1556840489,3751912585
dimwishlist:item=3232203524&perks=4090651448,106909392,2679249093,469285294
dimwishlist:item=3232203524&perks=4090651448,106909392,2679249093,3751912585
dimwishlist:item=3232203524&perks=4090651448,106909392,1556840489,469285294
dimwishlist:item=3232203524&perks=4090651448,106909392,1556840489,3751912585
dimwishlist:item=3232203524&perks=4090651448,1087426260,2679249093,469285294
dimwishlist:item=3232203524&perks=4090651448,1087426260,2679249093,3751912585
dimwishlist:item=3232203524&perks=4090651448,1087426260,1556840489,469285294
dimwishlist:item=3232203524&perks=4090651448,1087426260,1556840489,3751912585


// Pro Memoria - 专业记忆 (pve)
//notes: 以前造的可以不用改，足够通用。三号位重建通用，爆破战略家转技能（爆破更好，转技能同时能换弹），剩下俩缚丝perk给特定build tags:pve
dimwishlist:item=3605603507&perks=839105230,1087426260,1523832109,3078487919
dimwishlist:item=3605603507&perks=839105230,1087426260,1523832109,365154968
dimwishlist:item=3605603507&perks=839105230,1087426260,3523296417,3078487919
dimwishlist:item=3605603507&perks=839105230,1087426260,3523296417,365154968
dimwishlist:item=3605603507&perks=839105230,1087426260,960997401,3078487919
dimwishlist:item=3605603507&perks=839105230,1087426260,960997401,365154968
dimwishlist:item=3605603507&perks=839105230,1087426260,880644845,3078487919
dimwishlist:item=3605603507&perks=839105230,1087426260,880644845,365154968
dimwishlist:item=3605603507&perks=839105230,106909392,1523832109,3078487919
dimwishlist:item=3605603507&perks=839105230,106909392,1523832109,365154968
dimwishlist:item=3605603507&perks=839105230,106909392,3523296417,3078487919
dimwishlist:item=3605603507&perks=839105230,106909392,3523296417,365154968
dimwishlist:item=3605603507&perks=839105230,106909392,960997401,3078487919
dimwishlist:item=3605603507&perks=839105230,106909392,960997401,365154968
dimwishlist:item=3605603507&perks=839105230,106909392,880644845,3078487919
dimwishlist:item=3605603507&perks=839105230,106909392,880644845,365154968
dimwishlist:item=3605603507&perks=839105230,3230963543,1523832109,3078487919
dimwishlist:item=3605603507&perks=839105230,3230963543,1523832109,365154968
dimwishlist:item=3605603507&perks=839105230,3230963543,3523296417,3078487919
dimwishlist:item=3605603507&perks=839105230,3230963543,3523296417,365154968
dimwishlist:item=3605603507&perks=839105230,3230963543,960997401,3078487919
dimwishlist:item=3605603507&perks=839105230,3230963543,960997401,365154968
dimwishlist:item=3605603507&perks=839105230,3230963543,880644845,3078487919
dimwishlist:item=3605603507&perks=839105230,3230963543,880644845,365154968
dimwishlist:item=3605603507&perks=1840239774,1087426260,1523832109,3078487919
dimwishlist:item=3605603507&perks=1840239774,1087426260,1523832109,365154968
dimwishlist:item=3605603507&perks=1840239774,1087426260,3523296417,3078487919
dimwishlist:item=3605603507&perks=1840239774,1087426260,3523296417,365154968
dimwishlist:item=3605603507&perks=1840239774,1087426260,960997401,3078487919
dimwishlist:item=3605603507&perks=1840239774,1087426260,960997401,365154968
dimwishlist:item=3605603507&perks=1840239774,1087426260,880644845,3078487919
dimwishlist:item=3605603507&perks=1840239774,1087426260,880644845,365154968
dimwishlist:item=3605603507&perks=1840239774,106909392,1523832109,3078487919
dimwishlist:item=3605603507&perks=1840239774,106909392,1523832109,365154968
dimwishlist:item=3605603507&perks=1840239774,106909392,3523296417,3078487919
dimwishlist:item=3605603507&perks=1840239774,106909392,3523296417,365154968
dimwishlist:item=3605603507&perks=1840239774,106909392,960997401,3078487919
dimwishlist:item=3605603507&perks=1840239774,106909392,960997401,365154968
dimwishlist:item=3605603507&perks=1840239774,106909392,880644845,3078487919
dimwishlist:item=3605603507&perks=1840239774,106909392,880644845,365154968
dimwishlist:item=3605603507&perks=1840239774,3230963543,1523832109,3078487919
dimwishlist:item=3605603507&perks=1840239774,3230963543,1523832109,365154968
dimwishlist:item=3605603507&perks=1840239774,3230963543,3523296417,3078487919
dimwishlist:item=3605603507&perks=1840239774,3230963543,3523296417,365154968
dimwishlist:item=3605603507&perks=1840239774,3230963543,960997401,3078487919
dimwishlist:item=3605603507&perks=1840239774,3230963543,960997401,365154968
dimwishlist:item=3605603507&perks=1840239774,3230963543,880644845,3078487919
dimwishlist:item=3605603507&perks=1840239774,3230963543,880644845,365154968
dimwishlist:item=3605603507&perks=4090651448,1087426260,1523832109,3078487919
dimwishlist:item=3605603507&perks=4090651448,1087426260,1523832109,365154968
dimwishlist:item=3605603507&perks=4090651448,1087426260,3523296417,3078487919
dimwishlist:item=3605603507&perks=4090651448,1087426260,3523296417,365154968
dimwishlist:item=3605603507&perks=4090651448,1087426260,960997401,3078487919
dimwishlist:item=3605603507&perks=4090651448,1087426260,960997401,365154968
dimwishlist:item=3605603507&perks=4090651448,1087426260,880644845,3078487919
dimwishlist:item=3605603507&perks=4090651448,1087426260,880644845,365154968
dimwishlist:item=3605603507&perks=4090651448,106909392,1523832109,3078487919
dimwishlist:item=3605603507&perks=4090651448,106909392,1523832109,365154968
dimwishlist:item=3605603507&perks=4090651448,106909392,3523296417,3078487919
dimwishlist:item=3605603507&perks=4090651448,106909392,3523296417,365154968
dimwishlist:item=3605603507&perks=4090651448,106909392,960997401,3078487919
dimwishlist:item=3605603507&perks=4090651448,106909392,960997401,365154968
dimwishlist:item=3605603507&perks=4090651448,106909392,880644845,3078487919
dimwishlist:item=3605603507&perks=4090651448,106909392,880644845,365154968
dimwishlist:item=3605603507&perks=4090651448,3230963543,1523832109,3078487919
dimwishlist:item=3605603507&perks=4090651448,3230963543,1523832109,365154968
dimwishlist:item=3605603507&perks=4090651448,3230963543,3523296417,3078487919
dimwishlist:item=3605603507&perks=4090651448,3230963543,3523296417,365154968
dimwishlist:item=3605603507&perks=4090651448,3230963543,960997401,3078487919
dimwishlist:item=3605603507&perks=4090651448,3230963543,960997401,365154968
dimwishlist:item=3605603507&perks=4090651448,3230963543,880644845,3078487919
dimwishlist:item=3605603507&perks=4090651448,3230963543,880644845,365154968


// Axial Lacuna - 轴向缺漏 (pve)
//notes: 加强的洪涝可以配起源特性清清怪回超能 tags:pve
dimwishlist:item=3867373351&perks=839105230,689005463,1523832109,2594592626
dimwishlist:item=3867373351&perks=839105230,689005463,1523832109,3708227201
dimwishlist:item=3867373351&perks=839105230,689005463,1523832109,1427256713
dimwishlist:item=3867373351&perks=839105230,689005463,1799762209,2594592626
dimwishlist:item=3867373351&perks=839105230,689005463,1799762209,3708227201
dimwishlist:item=3867373351&perks=839105230,689005463,1799762209,1427256713
dimwishlist:item=3867373351&perks=839105230,2680121939,1523832109,2594592626
dimwishlist:item=3867373351&perks=839105230,2680121939,1523832109,3708227201
dimwishlist:item=3867373351&perks=839105230,2680121939,1523832109,1427256713
dimwishlist:item=3867373351&perks=839105230,2680121939,1799762209,2594592626
dimwishlist:item=3867373351&perks=839105230,2680121939,1799762209,3708227201
dimwishlist:item=3867373351&perks=839105230,2680121939,1799762209,1427256713
dimwishlist:item=3867373351&perks=4090651448,689005463,1523832109,2594592626
dimwishlist:item=3867373351&perks=4090651448,689005463,1523832109,3708227201
dimwishlist:item=3867373351&perks=4090651448,689005463,1523832109,1427256713
dimwishlist:item=3867373351&perks=4090651448,689005463,1799762209,2594592626
dimwishlist:item=3867373351&perks=4090651448,689005463,1799762209,3708227201
dimwishlist:item=3867373351&perks=4090651448,689005463,1799762209,1427256713
dimwishlist:item=3867373351&perks=4090651448,2680121939,1523832109,2594592626
dimwishlist:item=3867373351&perks=4090651448,2680121939,1523832109,3708227201
dimwishlist:item=3867373351&perks=4090651448,2680121939,1523832109,1427256713
dimwishlist:item=3867373351&perks=4090651448,2680121939,1799762209,2594592626
dimwishlist:item=3867373351&perks=4090651448,2680121939,1799762209,3708227201
dimwishlist:item=3867373351&perks=4090651448,2680121939,1799762209,1427256713
dimwishlist:item=3867373351&perks=1840239774,689005463,1523832109,2594592626
dimwishlist:item=3867373351&perks=1840239774,689005463,1523832109,3708227201
dimwishlist:item=3867373351&perks=1840239774,689005463,1523832109,1427256713
dimwishlist:item=3867373351&perks=1840239774,689005463,1799762209,2594592626
dimwishlist:item=3867373351&perks=1840239774,689005463,1799762209,3708227201
dimwishlist:item=3867373351&perks=1840239774,689005463,1799762209,1427256713
dimwishlist:item=3867373351&perks=1840239774,2680121939,1523832109,2594592626
dimwishlist:item=3867373351&perks=1840239774,2680121939,1523832109,3708227201
dimwishlist:item=3867373351&perks=1840239774,2680121939,1523832109,1427256713
dimwishlist:item=3867373351&perks=1840239774,2680121939,1799762209,2594592626
dimwishlist:item=3867373351&perks=1840239774,2680121939,1799762209,3708227201
dimwishlist:item=3867373351&perks=1840239774,2680121939,1799762209,1427256713


// The Call - 宣召呼唤 (god-pve)
//notes: 直接改，必造。补齐了先前不足的四号位，混沌重塑直接王朝了，通用重建+混沌重塑，有其他需求再改三号位。 tags:god-pve
dimwishlist:item=3947966653&perks=1478423395,1087426260,1523832109,3640170453
dimwishlist:item=3947966653&perks=1478423395,1087426260,1523832109,831391274
dimwishlist:item=3947966653&perks=1478423395,1087426260,1556840489,3640170453
dimwishlist:item=3947966653&perks=1478423395,1087426260,1556840489,831391274
dimwishlist:item=3947966653&perks=1478423395,1087426260,3523296417,3640170453
dimwishlist:item=3947966653&perks=1478423395,1087426260,3523296417,831391274
dimwishlist:item=3947966653&perks=1478423395,1087426260,880644845,3640170453
dimwishlist:item=3947966653&perks=1478423395,1087426260,880644845,831391274
dimwishlist:item=3947966653&perks=1478423395,1087426260,923806249,3640170453
dimwishlist:item=3947966653&perks=1478423395,1087426260,923806249,831391274
dimwishlist:item=3947966653&perks=1478423395,106909392,1523832109,3640170453
dimwishlist:item=3947966653&perks=1478423395,106909392,1523832109,831391274
dimwishlist:item=3947966653&perks=1478423395,106909392,1556840489,3640170453
dimwishlist:item=3947966653&perks=1478423395,106909392,1556840489,831391274
dimwishlist:item=3947966653&perks=1478423395,106909392,3523296417,3640170453
dimwishlist:item=3947966653&perks=1478423395,106909392,3523296417,831391274
dimwishlist:item=3947966653&perks=1478423395,106909392,880644845,3640170453
dimwishlist:item=3947966653&perks=1478423395,106909392,880644845,831391274
dimwishlist:item=3947966653&perks=1478423395,106909392,923806249,3640170453
dimwishlist:item=3947966653&perks=1478423395,106909392,923806249,831391274
dimwishlist:item=3947966653&perks=1478423395,2420895100,1523832109,3640170453
dimwishlist:item=3947966653&perks=1478423395,2420895100,1523832109,831391274
dimwishlist:item=3947966653&perks=1478423395,2420895100,1556840489,3640170453
dimwishlist:item=3947966653&perks=1478423395,2420895100,1556840489,831391274
dimwishlist:item=3947966653&perks=1478423395,2420895100,3523296417,3640170453
dimwishlist:item=3947966653&perks=1478423395,2420895100,3523296417,831391274
dimwishlist:item=3947966653&perks=1478423395,2420895100,880644845,3640170453
dimwishlist:item=3947966653&perks=1478423395,2420895100,880644845,831391274
dimwishlist:item=3947966653&perks=1478423395,2420895100,923806249,3640170453
dimwishlist:item=3947966653&perks=1478423395,2420895100,923806249,831391274
dimwishlist:item=3947966653&perks=1478423395,3230963543,1523832109,3640170453
dimwishlist:item=3947966653&perks=1478423395,3230963543,1523832109,831391274
dimwishlist:item=3947966653&perks=1478423395,3230963543,1556840489,3640170453
dimwishlist:item=3947966653&perks=1478423395,3230963543,1556840489,831391274
dimwishlist:item=3947966653&perks=1478423395,3230963543,3523296417,3640170453
dimwishlist:item=3947966653&perks=1478423395,3230963543,3523296417,831391274
dimwishlist:item=3947966653&perks=1478423395,3230963543,880644845,3640170453
dimwishlist:item=3947966653&perks=1478423395,3230963543,880644845,831391274
dimwishlist:item=3947966653&perks=1478423395,3230963543,923806249,3640170453
dimwishlist:item=3947966653&perks=1478423395,3230963543,923806249,831391274
dimwishlist:item=3947966653&perks=1478423395,3492396210,1523832109,3640170453
dimwishlist:item=3947966653&perks=1478423395,3492396210,1523832109,831391274
dimwishlist:item=3947966653&perks=1478423395,3492396210,1556840489,3640170453
dimwishlist:item=3947966653&perks=1478423395,3492396210,1556840489,831391274
dimwishlist:item=3947966653&perks=1478423395,3492396210,3523296417,3640170453
dimwishlist:item=3947966653&perks=1478423395,3492396210,3523296417,831391274
dimwishlist:item=3947966653&perks=1478423395,3492396210,880644845,3640170453
dimwishlist:item=3947966653&perks=1478423395,3492396210,880644845,831391274
dimwishlist:item=3947966653&perks=1478423395,3492396210,923806249,3640170453
dimwishlist:item=3947966653&perks=1478423395,3492396210,923806249,831391274
dimwishlist:item=3947966653&perks=1441682018,1087426260,1523832109,3640170453
dimwishlist:item=3947966653&perks=1441682018,1087426260,1523832109,831391274
dimwishlist:item=3947966653&perks=1441682018,1087426260,1556840489,3640170453
dimwishlist:item=3947966653&perks=1441682018,1087426260,1556840489,831391274
dimwishlist:item=3947966653&perks=1441682018,1087426260,3523296417,3640170453
dimwishlist:item=3947966653&perks=1441682018,1087426260,3523296417,831391274
dimwishlist:item=3947966653&perks=1441682018,1087426260,880644845,3640170453
dimwishlist:item=3947966653&perks=1441682018,1087426260,880644845,831391274
dimwishlist:item=3947966653&perks=1441682018,1087426260,923806249,3640170453
dimwishlist:item=3947966653&perks=1441682018,1087426260,923806249,831391274
dimwishlist:item=3947966653&perks=1441682018,106909392,1523832109,3640170453
dimwishlist:item=3947966653&perks=1441682018,106909392,1523832109,831391274
dimwishlist:item=3947966653&perks=1441682018,106909392,1556840489,3640170453
dimwishlist:item=3947966653&perks=1441682018,106909392,1556840489,831391274
dimwishlist:item=3947966653&perks=1441682018,106909392,3523296417,3640170453
dimwishlist:item=3947966653&perks=1441682018,106909392,3523296417,831391274
dimwishlist:item=3947966653&perks=1441682018,106909392,880644845,3640170453
dimwishlist:item=3947966653&perks=1441682018,106909392,880644845,831391274
dimwishlist:item=3947966653&perks=1441682018,106909392,923806249,3640170453
dimwishlist:item=3947966653&perks=1441682018,106909392,923806249,831391274
dimwishlist:item=3947966653&perks=1441682018,2420895100,1523832109,3640170453
dimwishlist:item=3947966653&perks=1441682018,2420895100,1523832109,831391274
dimwishlist:item=3947966653&perks=1441682018,2420895100,1556840489,3640170453
dimwishlist:item=3947966653&perks=1441682018,2420895100,1556840489,831391274
dimwishlist:item=3947966653&perks=1441682018,2420895100,3523296417,3640170453
dimwishlist:item=3947966653&perks=1441682018,2420895100,3523296417,831391274
dimwishlist:item=3947966653&perks=1441682018,2420895100,880644845,3640170453
dimwishlist:item=3947966653&perks=1441682018,2420895100,880644845,831391274
dimwishlist:item=3947966653&perks=1441682018,2420895100,923806249,3640170453
dimwishlist:item=3947966653&perks=1441682018,2420895100,923806249,831391274
dimwishlist:item=3947966653&perks=1441682018,3230963543,1523832109,3640170453
dimwishlist:item=3947966653&perks=1441682018,3230963543,1523832109,831391274
dimwishlist:item=3947966653&perks=1441682018,3230963543,1556840489,3640170453
dimwishlist:item=3947966653&perks=1441682018,3230963543,1556840489,831391274
dimwishlist:item=3947966653&perks=1441682018,3230963543,3523296417,3640170453
dimwishlist:item=3947966653&perks=1441682018,3230963543,3523296417,831391274
dimwishlist:item=3947966653&perks=1441682018,3230963543,880644845,3640170453
dimwishlist:item=3947966653&perks=1441682018,3230963543,880644845,831391274
dimwishlist:item=3947966653&perks=1441682018,3230963543,923806249,3640170453
dimwishlist:item=3947966653&perks=1441682018,3230963543,923806249,831391274
dimwishlist:item=3947966653&perks=1441682018,3492396210,1523832109,3640170453
dimwishlist:item=3947966653&perks=1441682018,3492396210,1523832109,831391274
dimwishlist:item=3947966653&perks=1441682018,3492396210,1556840489,3640170453
dimwishlist:item=3947966653&perks=1441682018,3492396210,1556840489,831391274
dimwishlist:item=3947966653&perks=1441682018,3492396210,3523296417,3640170453
dimwishlist:item=3947966653&perks=1441682018,3492396210,3523296417,831391274
dimwishlist:item=3947966653&perks=1441682018,3492396210,880644845,3640170453
dimwishlist:item=3947966653&perks=1441682018,3492396210,880644845,831391274
dimwishlist:item=3947966653&perks=1441682018,3492396210,923806249,3640170453
dimwishlist:item=3947966653&perks=1441682018,3492396210,923806249,831391274
dimwishlist:item=3947966653&perks=3525010810,1087426260,1523832109,3640170453
dimwishlist:item=3947966653&perks=3525010810,1087426260,1523832109,831391274
dimwishlist:item=3947966653&perks=3525010810,1087426260,1556840489,3640170453
dimwishlist:item=3947966653&perks=3525010810,1087426260,1556840489,831391274
dimwishlist:item=3947966653&perks=3525010810,1087426260,3523296417,3640170453
dimwishlist:item=3947966653&perks=3525010810,1087426260,3523296417,831391274
dimwishlist:item=3947966653&perks=3525010810,1087426260,880644845,3640170453
dimwishlist:item=3947966653&perks=3525010810,1087426260,880644845,831391274
dimwishlist:item=3947966653&perks=3525010810,1087426260,923806249,3640170453
dimwishlist:item=3947966653&perks=3525010810,1087426260,923806249,831391274
dimwishlist:item=3947966653&perks=3525010810,106909392,1523832109,3640170453
dimwishlist:item=3947966653&perks=3525010810,106909392,1523832109,831391274
dimwishlist:item=3947966653&perks=3525010810,106909392,1556840489,3640170453
dimwishlist:item=3947966653&perks=3525010810,106909392,1556840489,831391274
dimwishlist:item=3947966653&perks=3525010810,106909392,3523296417,3640170453
dimwishlist:item=3947966653&perks=3525010810,106909392,3523296417,831391274
dimwishlist:item=3947966653&perks=3525010810,106909392,880644845,3640170453
dimwishlist:item=3947966653&perks=3525010810,106909392,880644845,831391274
dimwishlist:item=3947966653&perks=3525010810,106909392,923806249,3640170453
dimwishlist:item=3947966653&perks=3525010810,106909392,923806249,831391274
dimwishlist:item=3947966653&perks=3525010810,2420895100,1523832109,3640170453
dimwishlist:item=3947966653&perks=3525010810,2420895100,1523832109,831391274
dimwishlist:item=3947966653&perks=3525010810,2420895100,1556840489,3640170453
dimwishlist:item=3947966653&perks=3525010810,2420895100,1556840489,831391274
dimwishlist:item=3947966653&perks=3525010810,2420895100,3523296417,3640170453
dimwishlist:item=3947966653&perks=3525010810,2420895100,3523296417,831391274
dimwishlist:item=3947966653&perks=3525010810,2420895100,880644845,3640170453
dimwishlist:item=3947966653&perks=3525010810,2420895100,880644845,831391274
dimwishlist:item=3947966653&perks=3525010810,2420895100,923806249,3640170453
dimwishlist:item=3947966653&perks=3525010810,2420895100,923806249,831391274
dimwishlist:item=3947966653&perks=3525010810,3230963543,1523832109,3640170453
dimwishlist:item=3947966653&perks=3525010810,3230963543,1523832109,831391274
dimwishlist:item=3947966653&perks=3525010810,3230963543,1556840489,3640170453
dimwishlist:item=3947966653&perks=3525010810,3230963543,1556840489,831391274
dimwishlist:item=3947966653&perks=3525010810,3230963543,3523296417,3640170453
dimwishlist:item=3947966653&perks=3525010810,3230963543,3523296417,831391274
dimwishlist:item=3947966653&perks=3525010810,3230963543,880644845,3640170453
dimwishlist:item=3947966653&perks=3525010810,3230963543,880644845,831391274
dimwishlist:item=3947966653&perks=3525010810,3230963543,923806249,3640170453
dimwishlist:item=3947966653&perks=3525010810,3230963543,923806249,831391274
dimwishlist:item=3947966653&perks=3525010810,3492396210,1523832109,3640170453
dimwishlist:item=3947966653&perks=3525010810,3492396210,1523832109,831391274
dimwishlist:item=3947966653&perks=3525010810,3492396210,1556840489,3640170453
dimwishlist:item=3947966653&perks=3525010810,3492396210,1556840489,831391274
dimwishlist:item=3947966653&perks=3525010810,3492396210,3523296417,3640170453
dimwishlist:item=3947966653&perks=3525010810,3492396210,3523296417,831391274
dimwishlist:item=3947966653&perks=3525010810,3492396210,880644845,3640170453
dimwishlist:item=3947966653&perks=3525010810,3492396210,880644845,831391274
dimwishlist:item=3947966653&perks=3525010810,3492396210,923806249,3640170453
dimwishlist:item=3947966653&perks=3525010810,3492396210,923806249,831391274
dimwishlist:item=3947966653&perks=3798852852,1087426260,1523832109,3640170453
dimwishlist:item=3947966653&perks=3798852852,1087426260,1523832109,831391274
dimwishlist:item=3947966653&perks=3798852852,1087426260,1556840489,3640170453
dimwishlist:item=3947966653&perks=3798852852,1087426260,1556840489,831391274
dimwishlist:item=3947966653&perks=3798852852,1087426260,3523296417,3640170453
dimwishlist:item=3947966653&perks=3798852852,1087426260,3523296417,831391274
dimwishlist:item=3947966653&perks=3798852852,1087426260,880644845,3640170453
dimwishlist:item=3947966653&perks=3798852852,1087426260,880644845,831391274
dimwishlist:item=3947966653&perks=3798852852,1087426260,923806249,3640170453
dimwishlist:item=3947966653&perks=3798852852,1087426260,923806249,831391274
dimwishlist:item=3947966653&perks=3798852852,106909392,1523832109,3640170453
dimwishlist:item=3947966653&perks=3798852852,106909392,1523832109,831391274
dimwishlist:item=3947966653&perks=3798852852,106909392,1556840489,3640170453
dimwishlist:item=3947966653&perks=3798852852,106909392,1556840489,831391274
dimwishlist:item=3947966653&perks=3798852852,106909392,3523296417,3640170453
dimwishlist:item=3947966653&perks=3798852852,106909392,3523296417,831391274
dimwishlist:item=3947966653&perks=3798852852,106909392,880644845,3640170453
dimwishlist:item=3947966653&perks=3798852852,106909392,880644845,831391274
dimwishlist:item=3947966653&perks=3798852852,106909392,923806249,3640170453
dimwishlist:item=3947966653&perks=3798852852,106909392,923806249,831391274
dimwishlist:item=3947966653&perks=3798852852,2420895100,1523832109,3640170453
dimwishlist:item=3947966653&perks=3798852852,2420895100,1523832109,831391274
dimwishlist:item=3947966653&perks=3798852852,2420895100,1556840489,3640170453
dimwishlist:item=3947966653&perks=3798852852,2420895100,1556840489,831391274
dimwishlist:item=3947966653&perks=3798852852,2420895100,3523296417,3640170453
dimwishlist:item=3947966653&perks=3798852852,2420895100,3523296417,831391274
dimwishlist:item=3947966653&perks=3798852852,2420895100,880644845,3640170453
dimwishlist:item=3947966653&perks=3798852852,2420895100,880644845,831391274
dimwishlist:item=3947966653&perks=3798852852,2420895100,923806249,3640170453
dimwishlist:item=3947966653&perks=3798852852,2420895100,923806249,831391274
dimwishlist:item=3947966653&perks=3798852852,3230963543,1523832109,3640170453
dimwishlist:item=3947966653&perks=3798852852,3230963543,1523832109,831391274
dimwishlist:item=3947966653&perks=3798852852,3230963543,1556840489,3640170453
dimwishlist:item=3947966653&perks=3798852852,3230963543,1556840489,831391274
dimwishlist:item=3947966653&perks=3798852852,3230963543,3523296417,3640170453
dimwishlist:item=3947966653&perks=3798852852,3230963543,3523296417,831391274
dimwishlist:item=3947966653&perks=3798852852,3230963543,880644845,3640170453
dimwishlist:item=3947966653&perks=3798852852,3230963543,880644845,831391274
dimwishlist:item=3947966653&perks=3798852852,3230963543,923806249,3640170453
dimwishlist:item=3947966653&perks=3798852852,3230963543,923806249,831391274
dimwishlist:item=3947966653&perks=3798852852,3492396210,1523832109,3640170453
dimwishlist:item=3947966653&perks=3798852852,3492396210,1523832109,831391274
dimwishlist:item=3947966653&perks=3798852852,3492396210,1556840489,3640170453
dimwishlist:item=3947966653&perks=3798852852,3492396210,1556840489,831391274
dimwishlist:item=3947966653&perks=3798852852,3492396210,3523296417,3640170453
dimwishlist:item=3947966653&perks=3798852852,3492396210,3523296417,831391274
dimwishlist:item=3947966653&perks=3798852852,3492396210,880644845,3640170453
dimwishlist:item=3947966653&perks=3798852852,3492396210,880644845,831391274
dimwishlist:item=3947966653&perks=3798852852,3492396210,923806249,3640170453
dimwishlist:item=3947966653&perks=3798852852,3492396210,923806249,831391274


// False Idols - 虚假偶像 (pve)
//notes: 一般输出不用燃烧野心，其他三个看情况选，也就急切可以考虑下上上debuff tags:pve
dimwishlist:item=4207120603&perks=243981275,3078487919
dimwishlist:item=4207120603&perks=243981275,1089671869
dimwishlist:item=4207120603&perks=243981275,2396489472
dimwishlist:item=4207120603&perks=243981275,2890807135
dimwishlist:item=4207120603&perks=1749209109,3078487919
dimwishlist:item=4207120603&perks=1749209109,1089671869
dimwishlist:item=4207120603&perks=1749209109,2396489472
dimwishlist:item=4207120603&perks=1749209109,2890807135
dimwishlist:item=4207120603&perks=2077819806,3078487919
dimwishlist:item=4207120603&perks=2077819806,1089671869
dimwishlist:item=4207120603&perks=2077819806,2396489472
dimwishlist:item=4207120603&perks=2077819806,2890807135


