title:目的地-扭曲-开同调掉落
description:凯旋纪念碑

// ALLEN 05 - 艾伦05 (pve)
//notes: 总体有点尴尬，补伤害也比不上那两把缚丝速射狙 tags:pve
dimwishlist:item=423677697&perks=839105230,106909392,1354429876,555281244
dimwishlist:item=423677697&perks=839105230,106909392,1354429876,1771339417
dimwishlist:item=423677697&perks=1840239774,106909392,1354429876,555281244
dimwishlist:item=423677697&perks=1840239774,106909392,1354429876,1771339417
dimwishlist:item=423677697&perks=4090651448,106909392,1354429876,555281244
dimwishlist:item=423677697&perks=4090651448,106909392,1354429876,1771339417


// DEADHORSE 04 - 戴德霍斯04 (pve)
//notes: 平均新时代冰微冲水平，比炽天使薄雾的起源特性略好 tags:pve
dimwishlist:item=822872238&perks=839105230,1087426260,1955165503,2922950962
dimwishlist:item=822872238&perks=839105230,1087426260,1955165503,4049631843
dimwishlist:item=822872238&perks=839105230,1087426260,1955165503,1888882410
dimwishlist:item=822872238&perks=839105230,1087426260,2360347339,2922950962
dimwishlist:item=822872238&perks=839105230,1087426260,2360347339,4049631843
dimwishlist:item=822872238&perks=839105230,1087426260,2360347339,1888882410
dimwishlist:item=822872238&perks=839105230,106909392,1955165503,2922950962
dimwishlist:item=822872238&perks=839105230,106909392,1955165503,4049631843
dimwishlist:item=822872238&perks=839105230,106909392,1955165503,1888882410
dimwishlist:item=822872238&perks=839105230,106909392,2360347339,2922950962
dimwishlist:item=822872238&perks=839105230,106909392,2360347339,4049631843
dimwishlist:item=822872238&perks=839105230,106909392,2360347339,1888882410
dimwishlist:item=822872238&perks=839105230,3230963543,1955165503,2922950962
dimwishlist:item=822872238&perks=839105230,3230963543,1955165503,4049631843
dimwishlist:item=822872238&perks=839105230,3230963543,1955165503,1888882410
dimwishlist:item=822872238&perks=839105230,3230963543,2360347339,2922950962
dimwishlist:item=822872238&perks=839105230,3230963543,2360347339,4049631843
dimwishlist:item=822872238&perks=839105230,3230963543,2360347339,1888882410
dimwishlist:item=822872238&perks=839105230,791862061,1955165503,2922950962
dimwishlist:item=822872238&perks=839105230,791862061,1955165503,4049631843
dimwishlist:item=822872238&perks=839105230,791862061,1955165503,1888882410
dimwishlist:item=822872238&perks=839105230,791862061,2360347339,2922950962
dimwishlist:item=822872238&perks=839105230,791862061,2360347339,4049631843
dimwishlist:item=822872238&perks=839105230,791862061,2360347339,1888882410
dimwishlist:item=822872238&perks=1840239774,1087426260,1955165503,2922950962
dimwishlist:item=822872238&perks=1840239774,1087426260,1955165503,4049631843
dimwishlist:item=822872238&perks=1840239774,1087426260,1955165503,1888882410
dimwishlist:item=822872238&perks=1840239774,1087426260,2360347339,2922950962
dimwishlist:item=822872238&perks=1840239774,1087426260,2360347339,4049631843
dimwishlist:item=822872238&perks=1840239774,1087426260,2360347339,1888882410
dimwishlist:item=822872238&perks=1840239774,106909392,1955165503,2922950962
dimwishlist:item=822872238&perks=1840239774,106909392,1955165503,4049631843
dimwishlist:item=822872238&perks=1840239774,106909392,1955165503,1888882410
dimwishlist:item=822872238&perks=1840239774,106909392,2360347339,2922950962
dimwishlist:item=822872238&perks=1840239774,106909392,2360347339,4049631843
dimwishlist:item=822872238&perks=1840239774,106909392,2360347339,1888882410
dimwishlist:item=822872238&perks=1840239774,3230963543,1955165503,2922950962
dimwishlist:item=822872238&perks=1840239774,3230963543,1955165503,4049631843
dimwishlist:item=822872238&perks=1840239774,3230963543,1955165503,1888882410
dimwishlist:item=822872238&perks=1840239774,3230963543,2360347339,2922950962
dimwishlist:item=822872238&perks=1840239774,3230963543,2360347339,4049631843
dimwishlist:item=822872238&perks=1840239774,3230963543,2360347339,1888882410
dimwishlist:item=822872238&perks=1840239774,791862061,1955165503,2922950962
dimwishlist:item=822872238&perks=1840239774,791862061,1955165503,4049631843
dimwishlist:item=822872238&perks=1840239774,791862061,1955165503,1888882410
dimwishlist:item=822872238&perks=1840239774,791862061,2360347339,2922950962
dimwishlist:item=822872238&perks=1840239774,791862061,2360347339,4049631843
dimwishlist:item=822872238&perks=1840239774,791862061,2360347339,1888882410
dimwishlist:item=822872238&perks=4090651448,1087426260,1955165503,2922950962
dimwishlist:item=822872238&perks=4090651448,1087426260,1955165503,4049631843
dimwishlist:item=822872238&perks=4090651448,1087426260,1955165503,1888882410
dimwishlist:item=822872238&perks=4090651448,1087426260,2360347339,2922950962
dimwishlist:item=822872238&perks=4090651448,1087426260,2360347339,4049631843
dimwishlist:item=822872238&perks=4090651448,1087426260,2360347339,1888882410
dimwishlist:item=822872238&perks=4090651448,106909392,1955165503,2922950962
dimwishlist:item=822872238&perks=4090651448,106909392,1955165503,4049631843
dimwishlist:item=822872238&perks=4090651448,106909392,1955165503,1888882410
dimwishlist:item=822872238&perks=4090651448,106909392,2360347339,2922950962
dimwishlist:item=822872238&perks=4090651448,106909392,2360347339,4049631843
dimwishlist:item=822872238&perks=4090651448,106909392,2360347339,1888882410
dimwishlist:item=822872238&perks=4090651448,3230963543,1955165503,2922950962
dimwishlist:item=822872238&perks=4090651448,3230963543,1955165503,4049631843
dimwishlist:item=822872238&perks=4090651448,3230963543,1955165503,1888882410
dimwishlist:item=822872238&perks=4090651448,3230963543,2360347339,2922950962
dimwishlist:item=822872238&perks=4090651448,3230963543,2360347339,4049631843
dimwishlist:item=822872238&perks=4090651448,3230963543,2360347339,1888882410
dimwishlist:item=822872238&perks=4090651448,791862061,1955165503,2922950962
dimwishlist:item=822872238&perks=4090651448,791862061,1955165503,4049631843
dimwishlist:item=822872238&perks=4090651448,791862061,1955165503,1888882410
dimwishlist:item=822872238&perks=4090651448,791862061,2360347339,2922950962
dimwishlist:item=822872238&perks=4090651448,791862061,2360347339,4049631843
dimwishlist:item=822872238&perks=4090651448,791862061,2360347339,1888882410


// DIABLERETS 06 - 迪亚布勒雷06 (pve)
//notes: perk池在缚丝机枪里只能算平均水平，起源特性清怪还有点用 tags:pve
dimwishlist:item=1120206506&perks=839105230,1087426260,1820235745,557221067
dimwishlist:item=1120206506&perks=839105230,1087426260,1820235745,657025441
dimwishlist:item=1120206506&perks=839105230,1087426260,1820235745,365154968
dimwishlist:item=1120206506&perks=839105230,1087426260,3300816228,557221067
dimwishlist:item=1120206506&perks=839105230,1087426260,3300816228,657025441
dimwishlist:item=1120206506&perks=839105230,1087426260,3300816228,365154968
dimwishlist:item=1120206506&perks=839105230,106909392,1820235745,557221067
dimwishlist:item=1120206506&perks=839105230,106909392,1820235745,657025441
dimwishlist:item=1120206506&perks=839105230,106909392,1820235745,365154968
dimwishlist:item=1120206506&perks=839105230,106909392,3300816228,557221067
dimwishlist:item=1120206506&perks=839105230,106909392,3300816228,657025441
dimwishlist:item=1120206506&perks=839105230,106909392,3300816228,365154968
dimwishlist:item=1120206506&perks=839105230,3230963543,1820235745,557221067
dimwishlist:item=1120206506&perks=839105230,3230963543,1820235745,657025441
dimwishlist:item=1120206506&perks=839105230,3230963543,1820235745,365154968
dimwishlist:item=1120206506&perks=839105230,3230963543,3300816228,557221067
dimwishlist:item=1120206506&perks=839105230,3230963543,3300816228,657025441
dimwishlist:item=1120206506&perks=839105230,3230963543,3300816228,365154968
dimwishlist:item=1120206506&perks=1840239774,1087426260,1820235745,557221067
dimwishlist:item=1120206506&perks=1840239774,1087426260,1820235745,657025441
dimwishlist:item=1120206506&perks=1840239774,1087426260,1820235745,365154968
dimwishlist:item=1120206506&perks=1840239774,1087426260,3300816228,557221067
dimwishlist:item=1120206506&perks=1840239774,1087426260,3300816228,657025441
dimwishlist:item=1120206506&perks=1840239774,1087426260,3300816228,365154968
dimwishlist:item=1120206506&perks=1840239774,106909392,1820235745,557221067
dimwishlist:item=1120206506&perks=1840239774,106909392,1820235745,657025441
dimwishlist:item=1120206506&perks=1840239774,106909392,1820235745,365154968
dimwishlist:item=1120206506&perks=1840239774,106909392,3300816228,557221067
dimwishlist:item=1120206506&perks=1840239774,106909392,3300816228,657025441
dimwishlist:item=1120206506&perks=1840239774,106909392,3300816228,365154968
dimwishlist:item=1120206506&perks=1840239774,3230963543,1820235745,557221067
dimwishlist:item=1120206506&perks=1840239774,3230963543,1820235745,657025441
dimwishlist:item=1120206506&perks=1840239774,3230963543,1820235745,365154968
dimwishlist:item=1120206506&perks=1840239774,3230963543,3300816228,557221067
dimwishlist:item=1120206506&perks=1840239774,3230963543,3300816228,657025441
dimwishlist:item=1120206506&perks=1840239774,3230963543,3300816228,365154968
dimwishlist:item=1120206506&perks=1392496348,1087426260,1820235745,557221067
dimwishlist:item=1120206506&perks=1392496348,1087426260,1820235745,657025441
dimwishlist:item=1120206506&perks=1392496348,1087426260,1820235745,365154968
dimwishlist:item=1120206506&perks=1392496348,1087426260,3300816228,557221067
dimwishlist:item=1120206506&perks=1392496348,1087426260,3300816228,657025441
dimwishlist:item=1120206506&perks=1392496348,1087426260,3300816228,365154968
dimwishlist:item=1120206506&perks=1392496348,106909392,1820235745,557221067
dimwishlist:item=1120206506&perks=1392496348,106909392,1820235745,657025441
dimwishlist:item=1120206506&perks=1392496348,106909392,1820235745,365154968
dimwishlist:item=1120206506&perks=1392496348,106909392,3300816228,557221067
dimwishlist:item=1120206506&perks=1392496348,106909392,3300816228,657025441
dimwishlist:item=1120206506&perks=1392496348,106909392,3300816228,365154968
dimwishlist:item=1120206506&perks=1392496348,3230963543,1820235745,557221067
dimwishlist:item=1120206506&perks=1392496348,3230963543,1820235745,657025441
dimwishlist:item=1120206506&perks=1392496348,3230963543,1820235745,365154968
dimwishlist:item=1120206506&perks=1392496348,3230963543,3300816228,557221067
dimwishlist:item=1120206506&perks=1392496348,3230963543,3300816228,657025441
dimwishlist:item=1120206506&perks=1392496348,3230963543,3300816228,365154968
dimwishlist:item=1120206506&perks=1482024992,1087426260,1820235745,557221067
dimwishlist:item=1120206506&perks=1482024992,1087426260,1820235745,657025441
dimwishlist:item=1120206506&perks=1482024992,1087426260,1820235745,365154968
dimwishlist:item=1120206506&perks=1482024992,1087426260,3300816228,557221067
dimwishlist:item=1120206506&perks=1482024992,1087426260,3300816228,657025441
dimwishlist:item=1120206506&perks=1482024992,1087426260,3300816228,365154968
dimwishlist:item=1120206506&perks=1482024992,106909392,1820235745,557221067
dimwishlist:item=1120206506&perks=1482024992,106909392,1820235745,657025441
dimwishlist:item=1120206506&perks=1482024992,106909392,1820235745,365154968
dimwishlist:item=1120206506&perks=1482024992,106909392,3300816228,557221067
dimwishlist:item=1120206506&perks=1482024992,106909392,3300816228,657025441
dimwishlist:item=1120206506&perks=1482024992,106909392,3300816228,365154968
dimwishlist:item=1120206506&perks=1482024992,3230963543,1820235745,557221067
dimwishlist:item=1120206506&perks=1482024992,3230963543,1820235745,657025441
dimwishlist:item=1120206506&perks=1482024992,3230963543,1820235745,365154968
dimwishlist:item=1120206506&perks=1482024992,3230963543,3300816228,557221067
dimwishlist:item=1120206506&perks=1482024992,3230963543,3300816228,657025441
dimwishlist:item=1120206506&perks=1482024992,3230963543,3300816228,365154968


// TAHOMA 01 - 塔霍马01 (pve)
//notes: 推荐用来输出，洪涝建议当T5添头 tags:pve
dimwishlist:item=1225851434&perks=839105230,689005463,3643424744,2594592626
dimwishlist:item=1225851434&perks=839105230,689005463,3643424744,3764420437
dimwishlist:item=1225851434&perks=839105230,689005463,3643424744,1427256713
dimwishlist:item=1225851434&perks=839105230,689005463,1556840489,2594592626
dimwishlist:item=1225851434&perks=839105230,689005463,1556840489,3764420437
dimwishlist:item=1225851434&perks=839105230,689005463,1556840489,1427256713
dimwishlist:item=1225851434&perks=839105230,689005463,968510818,2594592626
dimwishlist:item=1225851434&perks=839105230,689005463,968510818,3764420437
dimwishlist:item=1225851434&perks=839105230,689005463,968510818,1427256713
dimwishlist:item=1225851434&perks=839105230,2680121939,3643424744,2594592626
dimwishlist:item=1225851434&perks=839105230,2680121939,3643424744,3764420437
dimwishlist:item=1225851434&perks=839105230,2680121939,3643424744,1427256713
dimwishlist:item=1225851434&perks=839105230,2680121939,1556840489,2594592626
dimwishlist:item=1225851434&perks=839105230,2680121939,1556840489,3764420437
dimwishlist:item=1225851434&perks=839105230,2680121939,1556840489,1427256713
dimwishlist:item=1225851434&perks=839105230,2680121939,968510818,2594592626
dimwishlist:item=1225851434&perks=839105230,2680121939,968510818,3764420437
dimwishlist:item=1225851434&perks=839105230,2680121939,968510818,1427256713
dimwishlist:item=1225851434&perks=1840239774,689005463,3643424744,2594592626
dimwishlist:item=1225851434&perks=1840239774,689005463,3643424744,3764420437
dimwishlist:item=1225851434&perks=1840239774,689005463,3643424744,1427256713
dimwishlist:item=1225851434&perks=1840239774,689005463,1556840489,2594592626
dimwishlist:item=1225851434&perks=1840239774,689005463,1556840489,3764420437
dimwishlist:item=1225851434&perks=1840239774,689005463,1556840489,1427256713
dimwishlist:item=1225851434&perks=1840239774,689005463,968510818,2594592626
dimwishlist:item=1225851434&perks=1840239774,689005463,968510818,3764420437
dimwishlist:item=1225851434&perks=1840239774,689005463,968510818,1427256713
dimwishlist:item=1225851434&perks=1840239774,2680121939,3643424744,2594592626
dimwishlist:item=1225851434&perks=1840239774,2680121939,3643424744,3764420437
dimwishlist:item=1225851434&perks=1840239774,2680121939,3643424744,1427256713
dimwishlist:item=1225851434&perks=1840239774,2680121939,1556840489,2594592626
dimwishlist:item=1225851434&perks=1840239774,2680121939,1556840489,3764420437
dimwishlist:item=1225851434&perks=1840239774,2680121939,1556840489,1427256713
dimwishlist:item=1225851434&perks=1840239774,2680121939,968510818,2594592626
dimwishlist:item=1225851434&perks=1840239774,2680121939,968510818,3764420437
dimwishlist:item=1225851434&perks=1840239774,2680121939,968510818,1427256713
dimwishlist:item=1225851434&perks=4090651448,689005463,3643424744,2594592626
dimwishlist:item=1225851434&perks=4090651448,689005463,3643424744,3764420437
dimwishlist:item=1225851434&perks=4090651448,689005463,3643424744,1427256713
dimwishlist:item=1225851434&perks=4090651448,689005463,1556840489,2594592626
dimwishlist:item=1225851434&perks=4090651448,689005463,1556840489,3764420437
dimwishlist:item=1225851434&perks=4090651448,689005463,1556840489,1427256713
dimwishlist:item=1225851434&perks=4090651448,689005463,968510818,2594592626
dimwishlist:item=1225851434&perks=4090651448,689005463,968510818,3764420437
dimwishlist:item=1225851434&perks=4090651448,689005463,968510818,1427256713
dimwishlist:item=1225851434&perks=4090651448,2680121939,3643424744,2594592626
dimwishlist:item=1225851434&perks=4090651448,2680121939,3643424744,3764420437
dimwishlist:item=1225851434&perks=4090651448,2680121939,3643424744,1427256713
dimwishlist:item=1225851434&perks=4090651448,2680121939,1556840489,2594592626
dimwishlist:item=1225851434&perks=4090651448,2680121939,1556840489,3764420437
dimwishlist:item=1225851434&perks=4090651448,2680121939,1556840489,1427256713
dimwishlist:item=1225851434&perks=4090651448,2680121939,968510818,2594592626
dimwishlist:item=1225851434&perks=4090651448,2680121939,968510818,3764420437
dimwishlist:item=1225851434&perks=4090651448,2680121939,968510818,1427256713


// DECATUR 02 - 迪凯特02 (god-pve)
//notes: 推荐优先同调，无成本冰霜铠甲，冰奶枪医治给冰霜铠甲，很方便的减伤来源。 tags:god-pve
dimwishlist:item=1850748385&perks=839105230,1087426260,2980589453,2298656195
dimwishlist:item=1850748385&perks=839105230,1087426260,2980589453,692399809
dimwishlist:item=1850748385&perks=839105230,1087426260,243981275,2298656195
dimwishlist:item=1850748385&perks=839105230,1087426260,243981275,692399809
dimwishlist:item=1850748385&perks=839105230,106909392,2980589453,2298656195
dimwishlist:item=1850748385&perks=839105230,106909392,2980589453,692399809
dimwishlist:item=1850748385&perks=839105230,106909392,243981275,2298656195
dimwishlist:item=1850748385&perks=839105230,106909392,243981275,692399809
dimwishlist:item=1850748385&perks=839105230,3230963543,2980589453,2298656195
dimwishlist:item=1850748385&perks=839105230,3230963543,2980589453,692399809
dimwishlist:item=1850748385&perks=839105230,3230963543,243981275,2298656195
dimwishlist:item=1850748385&perks=839105230,3230963543,243981275,692399809
dimwishlist:item=1850748385&perks=839105230,1885400500,2980589453,2298656195
dimwishlist:item=1850748385&perks=839105230,1885400500,2980589453,692399809
dimwishlist:item=1850748385&perks=839105230,1885400500,243981275,2298656195
dimwishlist:item=1850748385&perks=839105230,1885400500,243981275,692399809
dimwishlist:item=1850748385&perks=1840239774,1087426260,2980589453,2298656195
dimwishlist:item=1850748385&perks=1840239774,1087426260,2980589453,692399809
dimwishlist:item=1850748385&perks=1840239774,1087426260,243981275,2298656195
dimwishlist:item=1850748385&perks=1840239774,1087426260,243981275,692399809
dimwishlist:item=1850748385&perks=1840239774,106909392,2980589453,2298656195
dimwishlist:item=1850748385&perks=1840239774,106909392,2980589453,692399809
dimwishlist:item=1850748385&perks=1840239774,106909392,243981275,2298656195
dimwishlist:item=1850748385&perks=1840239774,106909392,243981275,692399809
dimwishlist:item=1850748385&perks=1840239774,3230963543,2980589453,2298656195
dimwishlist:item=1850748385&perks=1840239774,3230963543,2980589453,692399809
dimwishlist:item=1850748385&perks=1840239774,3230963543,243981275,2298656195
dimwishlist:item=1850748385&perks=1840239774,3230963543,243981275,692399809
dimwishlist:item=1850748385&perks=1840239774,1885400500,2980589453,2298656195
dimwishlist:item=1850748385&perks=1840239774,1885400500,2980589453,692399809
dimwishlist:item=1850748385&perks=1840239774,1885400500,243981275,2298656195
dimwishlist:item=1850748385&perks=1840239774,1885400500,243981275,692399809
dimwishlist:item=1850748385&perks=4090651448,1087426260,2980589453,2298656195
dimwishlist:item=1850748385&perks=4090651448,1087426260,2980589453,692399809
dimwishlist:item=1850748385&perks=4090651448,1087426260,243981275,2298656195
dimwishlist:item=1850748385&perks=4090651448,1087426260,243981275,692399809
dimwishlist:item=1850748385&perks=4090651448,106909392,2980589453,2298656195
dimwishlist:item=1850748385&perks=4090651448,106909392,2980589453,692399809
dimwishlist:item=1850748385&perks=4090651448,106909392,243981275,2298656195
dimwishlist:item=1850748385&perks=4090651448,106909392,243981275,692399809
dimwishlist:item=1850748385&perks=4090651448,3230963543,2980589453,2298656195
dimwishlist:item=1850748385&perks=4090651448,3230963543,2980589453,692399809
dimwishlist:item=1850748385&perks=4090651448,3230963543,243981275,2298656195
dimwishlist:item=1850748385&perks=4090651448,3230963543,243981275,692399809
dimwishlist:item=1850748385&perks=4090651448,1885400500,2980589453,2298656195
dimwishlist:item=1850748385&perks=4090651448,1885400500,2980589453,692399809
dimwishlist:item=1850748385&perks=4090651448,1885400500,243981275,2298656195
dimwishlist:item=1850748385&perks=4090651448,1885400500,243981275,692399809


// IRONWOOD 03 - 艾恩伍德03 (pve)
//notes: perk池设计理论上是用来清怪的，如果硬要虚空手炮喷打拳也只能将就用。 tags:pve
dimwishlist:item=2041617874&perks=1300023272,106909392,776531651,2048641572
dimwishlist:item=2041617874&perks=1300023272,106909392,776531651,2679249093
dimwishlist:item=2041617874&perks=1300023272,106909392,776531651,3708227201
dimwishlist:item=2041617874&perks=1300023272,106909392,691659142,2048641572
dimwishlist:item=2041617874&perks=1300023272,106909392,691659142,2679249093
dimwishlist:item=2041617874&perks=1300023272,106909392,691659142,3708227201
dimwishlist:item=2041617874&perks=1300023272,106909392,3182497402,2048641572
dimwishlist:item=2041617874&perks=1300023272,106909392,3182497402,2679249093
dimwishlist:item=2041617874&perks=1300023272,106909392,3182497402,3708227201
dimwishlist:item=2041617874&perks=1300023272,3230963543,776531651,2048641572
dimwishlist:item=2041617874&perks=1300023272,3230963543,776531651,2679249093
dimwishlist:item=2041617874&perks=1300023272,3230963543,776531651,3708227201
dimwishlist:item=2041617874&perks=1300023272,3230963543,691659142,2048641572
dimwishlist:item=2041617874&perks=1300023272,3230963543,691659142,2679249093
dimwishlist:item=2041617874&perks=1300023272,3230963543,691659142,3708227201
dimwishlist:item=2041617874&perks=1300023272,3230963543,3182497402,2048641572
dimwishlist:item=2041617874&perks=1300023272,3230963543,3182497402,2679249093
dimwishlist:item=2041617874&perks=1300023272,3230963543,3182497402,3708227201
dimwishlist:item=2041617874&perks=4090651448,106909392,776531651,2048641572
dimwishlist:item=2041617874&perks=4090651448,106909392,776531651,2679249093
dimwishlist:item=2041617874&perks=4090651448,106909392,776531651,3708227201
dimwishlist:item=2041617874&perks=4090651448,106909392,691659142,2048641572
dimwishlist:item=2041617874&perks=4090651448,106909392,691659142,2679249093
dimwishlist:item=2041617874&perks=4090651448,106909392,691659142,3708227201
dimwishlist:item=2041617874&perks=4090651448,106909392,3182497402,2048641572
dimwishlist:item=2041617874&perks=4090651448,106909392,3182497402,2679249093
dimwishlist:item=2041617874&perks=4090651448,106909392,3182497402,3708227201
dimwishlist:item=2041617874&perks=4090651448,3230963543,776531651,2048641572
dimwishlist:item=2041617874&perks=4090651448,3230963543,776531651,2679249093
dimwishlist:item=2041617874&perks=4090651448,3230963543,776531651,3708227201
dimwishlist:item=2041617874&perks=4090651448,3230963543,691659142,2048641572
dimwishlist:item=2041617874&perks=4090651448,3230963543,691659142,2679249093
dimwishlist:item=2041617874&perks=4090651448,3230963543,691659142,3708227201
dimwishlist:item=2041617874&perks=4090651448,3230963543,3182497402,2048641572
dimwishlist:item=2041617874&perks=4090651448,3230963543,3182497402,2679249093
dimwishlist:item=2041617874&perks=4090651448,3230963543,3182497402,3708227201


