title:英灵日武器
description:凯旋纪念碑

// Gunburn - 枪灼 (pve)
//notes: tags:pve
dimwishlist:item=72775246&perks=839105230,106909392,2289534249,243981275
dimwishlist:item=72775246&perks=839105230,106909392,2289534249,3891536761
dimwishlist:item=72775246&perks=839105230,106909392,1570399071,243981275
dimwishlist:item=72775246&perks=839105230,106909392,1570399071,3891536761
dimwishlist:item=72775246&perks=839105230,3230963543,2289534249,243981275
dimwishlist:item=72775246&perks=839105230,3230963543,2289534249,3891536761
dimwishlist:item=72775246&perks=839105230,3230963543,1570399071,243981275
dimwishlist:item=72775246&perks=839105230,3230963543,1570399071,3891536761
dimwishlist:item=72775246&perks=839105230,1885400500,2289534249,243981275
dimwishlist:item=72775246&perks=839105230,1885400500,2289534249,3891536761
dimwishlist:item=72775246&perks=839105230,1885400500,1570399071,243981275
dimwishlist:item=72775246&perks=839105230,1885400500,1570399071,3891536761
dimwishlist:item=72775246&perks=4090651448,106909392,2289534249,243981275
dimwishlist:item=72775246&perks=4090651448,106909392,2289534249,3891536761
dimwishlist:item=72775246&perks=4090651448,106909392,1570399071,243981275
dimwishlist:item=72775246&perks=4090651448,106909392,1570399071,3891536761
dimwishlist:item=72775246&perks=4090651448,3230963543,2289534249,243981275
dimwishlist:item=72775246&perks=4090651448,3230963543,2289534249,3891536761
dimwishlist:item=72775246&perks=4090651448,3230963543,1570399071,243981275
dimwishlist:item=72775246&perks=4090651448,3230963543,1570399071,3891536761
dimwishlist:item=72775246&perks=4090651448,1885400500,2289534249,243981275
dimwishlist:item=72775246&perks=4090651448,1885400500,2289534249,3891536761
dimwishlist:item=72775246&perks=4090651448,1885400500,1570399071,243981275
dimwishlist:item=72775246&perks=4090651448,1885400500,1570399071,3891536761
dimwishlist:item=72775246&perks=1840239774,106909392,2289534249,243981275
dimwishlist:item=72775246&perks=1840239774,106909392,2289534249,3891536761
dimwishlist:item=72775246&perks=1840239774,106909392,1570399071,243981275
dimwishlist:item=72775246&perks=1840239774,106909392,1570399071,3891536761
dimwishlist:item=72775246&perks=1840239774,3230963543,2289534249,243981275
dimwishlist:item=72775246&perks=1840239774,3230963543,2289534249,3891536761
dimwishlist:item=72775246&perks=1840239774,3230963543,1570399071,243981275
dimwishlist:item=72775246&perks=1840239774,3230963543,1570399071,3891536761
dimwishlist:item=72775246&perks=1840239774,1885400500,2289534249,243981275
dimwishlist:item=72775246&perks=1840239774,1885400500,2289534249,3891536761
dimwishlist:item=72775246&perks=1840239774,1885400500,1570399071,243981275
dimwishlist:item=72775246&perks=1840239774,1885400500,1570399071,3891536761
dimwishlist:item=72775246&perks=1392496348,106909392,2289534249,243981275
dimwishlist:item=72775246&perks=1392496348,106909392,2289534249,3891536761
dimwishlist:item=72775246&perks=1392496348,106909392,1570399071,243981275
dimwishlist:item=72775246&perks=1392496348,106909392,1570399071,3891536761
dimwishlist:item=72775246&perks=1392496348,3230963543,2289534249,243981275
dimwishlist:item=72775246&perks=1392496348,3230963543,2289534249,3891536761
dimwishlist:item=72775246&perks=1392496348,3230963543,1570399071,243981275
dimwishlist:item=72775246&perks=1392496348,3230963543,1570399071,3891536761
dimwishlist:item=72775246&perks=1392496348,1885400500,2289534249,243981275
dimwishlist:item=72775246&perks=1392496348,1885400500,2289534249,3891536761
dimwishlist:item=72775246&perks=1392496348,1885400500,1570399071,243981275
dimwishlist:item=72775246&perks=1392496348,1885400500,1570399071,3891536761
dimwishlist:item=72775246&perks=1482024992,106909392,2289534249,243981275
dimwishlist:item=72775246&perks=1482024992,106909392,2289534249,3891536761
dimwishlist:item=72775246&perks=1482024992,106909392,1570399071,243981275
dimwishlist:item=72775246&perks=1482024992,106909392,1570399071,3891536761
dimwishlist:item=72775246&perks=1482024992,3230963543,2289534249,243981275
dimwishlist:item=72775246&perks=1482024992,3230963543,2289534249,3891536761
dimwishlist:item=72775246&perks=1482024992,3230963543,1570399071,243981275
dimwishlist:item=72775246&perks=1482024992,3230963543,1570399071,3891536761
dimwishlist:item=72775246&perks=1482024992,1885400500,2289534249,243981275
dimwishlist:item=72775246&perks=1482024992,1885400500,2289534249,3891536761
dimwishlist:item=72775246&perks=1482024992,1885400500,1570399071,243981275
dimwishlist:item=72775246&perks=1482024992,1885400500,1570399071,3891536761


// Acosmic - 寰宇 (pve)
//notes: 短轴爆发虚空速射榴弹，可roll。目前现存能刷到的最好的虚空速射榴弹，三号位的小丑皇偏短轴爆发，清空弹匣需要换一到两次弹。四号位按需选择。 tags:pve
dimwishlist:item=1106017703&perks=1478423395,409831596,2284787283,3078487919
dimwishlist:item=1106017703&perks=1478423395,409831596,2284787283,3194351027
dimwishlist:item=1106017703&perks=1478423395,409831596,2284787283,3993379141
dimwishlist:item=1106017703&perks=1478423395,409831596,2284787283,3751912585
dimwishlist:item=1106017703&perks=1478423395,409831596,1134488199,3078487919
dimwishlist:item=1106017703&perks=1478423395,409831596,1134488199,3194351027
dimwishlist:item=1106017703&perks=1478423395,409831596,1134488199,3993379141
dimwishlist:item=1106017703&perks=1478423395,409831596,1134488199,3751912585
dimwishlist:item=1106017703&perks=1478423395,3301904089,2284787283,3078487919
dimwishlist:item=1106017703&perks=1478423395,3301904089,2284787283,3194351027
dimwishlist:item=1106017703&perks=1478423395,3301904089,2284787283,3993379141
dimwishlist:item=1106017703&perks=1478423395,3301904089,2284787283,3751912585
dimwishlist:item=1106017703&perks=1478423395,3301904089,1134488199,3078487919
dimwishlist:item=1106017703&perks=1478423395,3301904089,1134488199,3194351027
dimwishlist:item=1106017703&perks=1478423395,3301904089,1134488199,3993379141
dimwishlist:item=1106017703&perks=1478423395,3301904089,1134488199,3751912585
dimwishlist:item=1106017703&perks=1478423395,2985827016,2284787283,3078487919
dimwishlist:item=1106017703&perks=1478423395,2985827016,2284787283,3194351027
dimwishlist:item=1106017703&perks=1478423395,2985827016,2284787283,3993379141
dimwishlist:item=1106017703&perks=1478423395,2985827016,2284787283,3751912585
dimwishlist:item=1106017703&perks=1478423395,2985827016,1134488199,3078487919
dimwishlist:item=1106017703&perks=1478423395,2985827016,1134488199,3194351027
dimwishlist:item=1106017703&perks=1478423395,2985827016,1134488199,3993379141
dimwishlist:item=1106017703&perks=1478423395,2985827016,1134488199,3751912585
dimwishlist:item=1106017703&perks=1478423395,2822142346,2284787283,3078487919
dimwishlist:item=1106017703&perks=1478423395,2822142346,2284787283,3194351027
dimwishlist:item=1106017703&perks=1478423395,2822142346,2284787283,3993379141
dimwishlist:item=1106017703&perks=1478423395,2822142346,2284787283,3751912585
dimwishlist:item=1106017703&perks=1478423395,2822142346,1134488199,3078487919
dimwishlist:item=1106017703&perks=1478423395,2822142346,1134488199,3194351027
dimwishlist:item=1106017703&perks=1478423395,2822142346,1134488199,3993379141
dimwishlist:item=1106017703&perks=1478423395,2822142346,1134488199,3751912585
dimwishlist:item=1106017703&perks=3809316345,409831596,2284787283,3078487919
dimwishlist:item=1106017703&perks=3809316345,409831596,2284787283,3194351027
dimwishlist:item=1106017703&perks=3809316345,409831596,2284787283,3993379141
dimwishlist:item=1106017703&perks=3809316345,409831596,2284787283,3751912585
dimwishlist:item=1106017703&perks=3809316345,409831596,1134488199,3078487919
dimwishlist:item=1106017703&perks=3809316345,409831596,1134488199,3194351027
dimwishlist:item=1106017703&perks=3809316345,409831596,1134488199,3993379141
dimwishlist:item=1106017703&perks=3809316345,409831596,1134488199,3751912585
dimwishlist:item=1106017703&perks=3809316345,3301904089,2284787283,3078487919
dimwishlist:item=1106017703&perks=3809316345,3301904089,2284787283,3194351027
dimwishlist:item=1106017703&perks=3809316345,3301904089,2284787283,3993379141
dimwishlist:item=1106017703&perks=3809316345,3301904089,2284787283,3751912585
dimwishlist:item=1106017703&perks=3809316345,3301904089,1134488199,3078487919
dimwishlist:item=1106017703&perks=3809316345,3301904089,1134488199,3194351027
dimwishlist:item=1106017703&perks=3809316345,3301904089,1134488199,3993379141
dimwishlist:item=1106017703&perks=3809316345,3301904089,1134488199,3751912585
dimwishlist:item=1106017703&perks=3809316345,2985827016,2284787283,3078487919
dimwishlist:item=1106017703&perks=3809316345,2985827016,2284787283,3194351027
dimwishlist:item=1106017703&perks=3809316345,2985827016,2284787283,3993379141
dimwishlist:item=1106017703&perks=3809316345,2985827016,2284787283,3751912585
dimwishlist:item=1106017703&perks=3809316345,2985827016,1134488199,3078487919
dimwishlist:item=1106017703&perks=3809316345,2985827016,1134488199,3194351027
dimwishlist:item=1106017703&perks=3809316345,2985827016,1134488199,3993379141
dimwishlist:item=1106017703&perks=3809316345,2985827016,1134488199,3751912585
dimwishlist:item=1106017703&perks=3809316345,2822142346,2284787283,3078487919
dimwishlist:item=1106017703&perks=3809316345,2822142346,2284787283,3194351027
dimwishlist:item=1106017703&perks=3809316345,2822142346,2284787283,3993379141
dimwishlist:item=1106017703&perks=3809316345,2822142346,2284787283,3751912585
dimwishlist:item=1106017703&perks=3809316345,2822142346,1134488199,3078487919
dimwishlist:item=1106017703&perks=3809316345,2822142346,1134488199,3194351027
dimwishlist:item=1106017703&perks=3809316345,2822142346,1134488199,3993379141
dimwishlist:item=1106017703&perks=3809316345,2822142346,1134488199,3751912585
dimwishlist:item=1106017703&perks=1441682018,409831596,2284787283,3078487919
dimwishlist:item=1106017703&perks=1441682018,409831596,2284787283,3194351027
dimwishlist:item=1106017703&perks=1441682018,409831596,2284787283,3993379141
dimwishlist:item=1106017703&perks=1441682018,409831596,2284787283,3751912585
dimwishlist:item=1106017703&perks=1441682018,409831596,1134488199,3078487919
dimwishlist:item=1106017703&perks=1441682018,409831596,1134488199,3194351027
dimwishlist:item=1106017703&perks=1441682018,409831596,1134488199,3993379141
dimwishlist:item=1106017703&perks=1441682018,409831596,1134488199,3751912585
dimwishlist:item=1106017703&perks=1441682018,3301904089,2284787283,3078487919
dimwishlist:item=1106017703&perks=1441682018,3301904089,2284787283,3194351027
dimwishlist:item=1106017703&perks=1441682018,3301904089,2284787283,3993379141
dimwishlist:item=1106017703&perks=1441682018,3301904089,2284787283,3751912585
dimwishlist:item=1106017703&perks=1441682018,3301904089,1134488199,3078487919
dimwishlist:item=1106017703&perks=1441682018,3301904089,1134488199,3194351027
dimwishlist:item=1106017703&perks=1441682018,3301904089,1134488199,3993379141
dimwishlist:item=1106017703&perks=1441682018,3301904089,1134488199,3751912585
dimwishlist:item=1106017703&perks=1441682018,2985827016,2284787283,3078487919
dimwishlist:item=1106017703&perks=1441682018,2985827016,2284787283,3194351027
dimwishlist:item=1106017703&perks=1441682018,2985827016,2284787283,3993379141
dimwishlist:item=1106017703&perks=1441682018,2985827016,2284787283,3751912585
dimwishlist:item=1106017703&perks=1441682018,2985827016,1134488199,3078487919
dimwishlist:item=1106017703&perks=1441682018,2985827016,1134488199,3194351027
dimwishlist:item=1106017703&perks=1441682018,2985827016,1134488199,3993379141
dimwishlist:item=1106017703&perks=1441682018,2985827016,1134488199,3751912585
dimwishlist:item=1106017703&perks=1441682018,2822142346,2284787283,3078487919
dimwishlist:item=1106017703&perks=1441682018,2822142346,2284787283,3194351027
dimwishlist:item=1106017703&perks=1441682018,2822142346,2284787283,3993379141
dimwishlist:item=1106017703&perks=1441682018,2822142346,2284787283,3751912585
dimwishlist:item=1106017703&perks=1441682018,2822142346,1134488199,3078487919
dimwishlist:item=1106017703&perks=1441682018,2822142346,1134488199,3194351027
dimwishlist:item=1106017703&perks=1441682018,2822142346,1134488199,3993379141
dimwishlist:item=1106017703&perks=1441682018,2822142346,1134488199,3751912585
dimwishlist:item=1106017703&perks=3525010810,409831596,2284787283,3078487919
dimwishlist:item=1106017703&perks=3525010810,409831596,2284787283,3194351027
dimwishlist:item=1106017703&perks=3525010810,409831596,2284787283,3993379141
dimwishlist:item=1106017703&perks=3525010810,409831596,2284787283,3751912585
dimwishlist:item=1106017703&perks=3525010810,409831596,1134488199,3078487919
dimwishlist:item=1106017703&perks=3525010810,409831596,1134488199,3194351027
dimwishlist:item=1106017703&perks=3525010810,409831596,1134488199,3993379141
dimwishlist:item=1106017703&perks=3525010810,409831596,1134488199,3751912585
dimwishlist:item=1106017703&perks=3525010810,3301904089,2284787283,3078487919
dimwishlist:item=1106017703&perks=3525010810,3301904089,2284787283,3194351027
dimwishlist:item=1106017703&perks=3525010810,3301904089,2284787283,3993379141
dimwishlist:item=1106017703&perks=3525010810,3301904089,2284787283,3751912585
dimwishlist:item=1106017703&perks=3525010810,3301904089,1134488199,3078487919
dimwishlist:item=1106017703&perks=3525010810,3301904089,1134488199,3194351027
dimwishlist:item=1106017703&perks=3525010810,3301904089,1134488199,3993379141
dimwishlist:item=1106017703&perks=3525010810,3301904089,1134488199,3751912585
dimwishlist:item=1106017703&perks=3525010810,2985827016,2284787283,3078487919
dimwishlist:item=1106017703&perks=3525010810,2985827016,2284787283,3194351027
dimwishlist:item=1106017703&perks=3525010810,2985827016,2284787283,3993379141
dimwishlist:item=1106017703&perks=3525010810,2985827016,2284787283,3751912585
dimwishlist:item=1106017703&perks=3525010810,2985827016,1134488199,3078487919
dimwishlist:item=1106017703&perks=3525010810,2985827016,1134488199,3194351027
dimwishlist:item=1106017703&perks=3525010810,2985827016,1134488199,3993379141
dimwishlist:item=1106017703&perks=3525010810,2985827016,1134488199,3751912585
dimwishlist:item=1106017703&perks=3525010810,2822142346,2284787283,3078487919
dimwishlist:item=1106017703&perks=3525010810,2822142346,2284787283,3194351027
dimwishlist:item=1106017703&perks=3525010810,2822142346,2284787283,3993379141
dimwishlist:item=1106017703&perks=3525010810,2822142346,2284787283,3751912585
dimwishlist:item=1106017703&perks=3525010810,2822142346,1134488199,3078487919
dimwishlist:item=1106017703&perks=3525010810,2822142346,1134488199,3194351027
dimwishlist:item=1106017703&perks=3525010810,2822142346,1134488199,3993379141
dimwishlist:item=1106017703&perks=3525010810,2822142346,1134488199,3751912585
dimwishlist:item=1106017703&perks=3798852852,409831596,2284787283,3078487919
dimwishlist:item=1106017703&perks=3798852852,409831596,2284787283,3194351027
dimwishlist:item=1106017703&perks=3798852852,409831596,2284787283,3993379141
dimwishlist:item=1106017703&perks=3798852852,409831596,2284787283,3751912585
dimwishlist:item=1106017703&perks=3798852852,409831596,1134488199,3078487919
dimwishlist:item=1106017703&perks=3798852852,409831596,1134488199,3194351027
dimwishlist:item=1106017703&perks=3798852852,409831596,1134488199,3993379141
dimwishlist:item=1106017703&perks=3798852852,409831596,1134488199,3751912585
dimwishlist:item=1106017703&perks=3798852852,3301904089,2284787283,3078487919
dimwishlist:item=1106017703&perks=3798852852,3301904089,2284787283,3194351027
dimwishlist:item=1106017703&perks=3798852852,3301904089,2284787283,3993379141
dimwishlist:item=1106017703&perks=3798852852,3301904089,2284787283,3751912585
dimwishlist:item=1106017703&perks=3798852852,3301904089,1134488199,3078487919
dimwishlist:item=1106017703&perks=3798852852,3301904089,1134488199,3194351027
dimwishlist:item=1106017703&perks=3798852852,3301904089,1134488199,3993379141
dimwishlist:item=1106017703&perks=3798852852,3301904089,1134488199,3751912585
dimwishlist:item=1106017703&perks=3798852852,2985827016,2284787283,3078487919
dimwishlist:item=1106017703&perks=3798852852,2985827016,2284787283,3194351027
dimwishlist:item=1106017703&perks=3798852852,2985827016,2284787283,3993379141
dimwishlist:item=1106017703&perks=3798852852,2985827016,2284787283,3751912585
dimwishlist:item=1106017703&perks=3798852852,2985827016,1134488199,3078487919
dimwishlist:item=1106017703&perks=3798852852,2985827016,1134488199,3194351027
dimwishlist:item=1106017703&perks=3798852852,2985827016,1134488199,3993379141
dimwishlist:item=1106017703&perks=3798852852,2985827016,1134488199,3751912585
dimwishlist:item=1106017703&perks=3798852852,2822142346,2284787283,3078487919
dimwishlist:item=1106017703&perks=3798852852,2822142346,2284787283,3194351027
dimwishlist:item=1106017703&perks=3798852852,2822142346,2284787283,3993379141
dimwishlist:item=1106017703&perks=3798852852,2822142346,2284787283,3751912585
dimwishlist:item=1106017703&perks=3798852852,2822142346,1134488199,3078487919
dimwishlist:item=1106017703&perks=3798852852,2822142346,1134488199,3194351027
dimwishlist:item=1106017703&perks=3798852852,2822142346,1134488199,3993379141
dimwishlist:item=1106017703&perks=3798852852,2822142346,1134488199,3751912585


// Arcane Embrace - 奥术之拥 (pve)
//notes: tags:pve
dimwishlist:item=1813474267&perks=839105230,106909392,1354429876,555281244
dimwishlist:item=1813474267&perks=839105230,106909392,1354429876,3764420437
dimwishlist:item=1813474267&perks=839105230,106909392,1354429876,3708227201
dimwishlist:item=1813474267&perks=839105230,106909392,1523832109,555281244
dimwishlist:item=1813474267&perks=839105230,106909392,1523832109,3764420437
dimwishlist:item=1813474267&perks=839105230,106909392,1523832109,3708227201
dimwishlist:item=1813474267&perks=839105230,106909392,968510818,555281244
dimwishlist:item=1813474267&perks=839105230,106909392,968510818,3764420437
dimwishlist:item=1813474267&perks=839105230,106909392,968510818,3708227201
dimwishlist:item=1813474267&perks=839105230,3230963543,1354429876,555281244
dimwishlist:item=1813474267&perks=839105230,3230963543,1354429876,3764420437
dimwishlist:item=1813474267&perks=839105230,3230963543,1354429876,3708227201
dimwishlist:item=1813474267&perks=839105230,3230963543,1523832109,555281244
dimwishlist:item=1813474267&perks=839105230,3230963543,1523832109,3764420437
dimwishlist:item=1813474267&perks=839105230,3230963543,1523832109,3708227201
dimwishlist:item=1813474267&perks=839105230,3230963543,968510818,555281244
dimwishlist:item=1813474267&perks=839105230,3230963543,968510818,3764420437
dimwishlist:item=1813474267&perks=839105230,3230963543,968510818,3708227201
dimwishlist:item=1813474267&perks=839105230,1087426260,1354429876,555281244
dimwishlist:item=1813474267&perks=839105230,1087426260,1354429876,3764420437
dimwishlist:item=1813474267&perks=839105230,1087426260,1354429876,3708227201
dimwishlist:item=1813474267&perks=839105230,1087426260,1523832109,555281244
dimwishlist:item=1813474267&perks=839105230,1087426260,1523832109,3764420437
dimwishlist:item=1813474267&perks=839105230,1087426260,1523832109,3708227201
dimwishlist:item=1813474267&perks=839105230,1087426260,968510818,555281244
dimwishlist:item=1813474267&perks=839105230,1087426260,968510818,3764420437
dimwishlist:item=1813474267&perks=839105230,1087426260,968510818,3708227201
dimwishlist:item=1813474267&perks=839105230,2420895100,1354429876,555281244
dimwishlist:item=1813474267&perks=839105230,2420895100,1354429876,3764420437
dimwishlist:item=1813474267&perks=839105230,2420895100,1354429876,3708227201
dimwishlist:item=1813474267&perks=839105230,2420895100,1523832109,555281244
dimwishlist:item=1813474267&perks=839105230,2420895100,1523832109,3764420437
dimwishlist:item=1813474267&perks=839105230,2420895100,1523832109,3708227201
dimwishlist:item=1813474267&perks=839105230,2420895100,968510818,555281244
dimwishlist:item=1813474267&perks=839105230,2420895100,968510818,3764420437
dimwishlist:item=1813474267&perks=839105230,2420895100,968510818,3708227201
dimwishlist:item=1813474267&perks=4090651448,106909392,1354429876,555281244
dimwishlist:item=1813474267&perks=4090651448,106909392,1354429876,3764420437
dimwishlist:item=1813474267&perks=4090651448,106909392,1354429876,3708227201
dimwishlist:item=1813474267&perks=4090651448,106909392,1523832109,555281244
dimwishlist:item=1813474267&perks=4090651448,106909392,1523832109,3764420437
dimwishlist:item=1813474267&perks=4090651448,106909392,1523832109,3708227201
dimwishlist:item=1813474267&perks=4090651448,106909392,968510818,555281244
dimwishlist:item=1813474267&perks=4090651448,106909392,968510818,3764420437
dimwishlist:item=1813474267&perks=4090651448,106909392,968510818,3708227201
dimwishlist:item=1813474267&perks=4090651448,3230963543,1354429876,555281244
dimwishlist:item=1813474267&perks=4090651448,3230963543,1354429876,3764420437
dimwishlist:item=1813474267&perks=4090651448,3230963543,1354429876,3708227201
dimwishlist:item=1813474267&perks=4090651448,3230963543,1523832109,555281244
dimwishlist:item=1813474267&perks=4090651448,3230963543,1523832109,3764420437
dimwishlist:item=1813474267&perks=4090651448,3230963543,1523832109,3708227201
dimwishlist:item=1813474267&perks=4090651448,3230963543,968510818,555281244
dimwishlist:item=1813474267&perks=4090651448,3230963543,968510818,3764420437
dimwishlist:item=1813474267&perks=4090651448,3230963543,968510818,3708227201
dimwishlist:item=1813474267&perks=4090651448,1087426260,1354429876,555281244
dimwishlist:item=1813474267&perks=4090651448,1087426260,1354429876,3764420437
dimwishlist:item=1813474267&perks=4090651448,1087426260,1354429876,3708227201
dimwishlist:item=1813474267&perks=4090651448,1087426260,1523832109,555281244
dimwishlist:item=1813474267&perks=4090651448,1087426260,1523832109,3764420437
dimwishlist:item=1813474267&perks=4090651448,1087426260,1523832109,3708227201
dimwishlist:item=1813474267&perks=4090651448,1087426260,968510818,555281244
dimwishlist:item=1813474267&perks=4090651448,1087426260,968510818,3764420437
dimwishlist:item=1813474267&perks=4090651448,1087426260,968510818,3708227201
dimwishlist:item=1813474267&perks=4090651448,2420895100,1354429876,555281244
dimwishlist:item=1813474267&perks=4090651448,2420895100,1354429876,3764420437
dimwishlist:item=1813474267&perks=4090651448,2420895100,1354429876,3708227201
dimwishlist:item=1813474267&perks=4090651448,2420895100,1523832109,555281244
dimwishlist:item=1813474267&perks=4090651448,2420895100,1523832109,3764420437
dimwishlist:item=1813474267&perks=4090651448,2420895100,1523832109,3708227201
dimwishlist:item=1813474267&perks=4090651448,2420895100,968510818,555281244
dimwishlist:item=1813474267&perks=4090651448,2420895100,968510818,3764420437
dimwishlist:item=1813474267&perks=4090651448,2420895100,968510818,3708227201
dimwishlist:item=1813474267&perks=1840239774,106909392,1354429876,555281244
dimwishlist:item=1813474267&perks=1840239774,106909392,1354429876,3764420437
dimwishlist:item=1813474267&perks=1840239774,106909392,1354429876,3708227201
dimwishlist:item=1813474267&perks=1840239774,106909392,1523832109,555281244
dimwishlist:item=1813474267&perks=1840239774,106909392,1523832109,3764420437
dimwishlist:item=1813474267&perks=1840239774,106909392,1523832109,3708227201
dimwishlist:item=1813474267&perks=1840239774,106909392,968510818,555281244
dimwishlist:item=1813474267&perks=1840239774,106909392,968510818,3764420437
dimwishlist:item=1813474267&perks=1840239774,106909392,968510818,3708227201
dimwishlist:item=1813474267&perks=1840239774,3230963543,1354429876,555281244
dimwishlist:item=1813474267&perks=1840239774,3230963543,1354429876,3764420437
dimwishlist:item=1813474267&perks=1840239774,3230963543,1354429876,3708227201
dimwishlist:item=1813474267&perks=1840239774,3230963543,1523832109,555281244
dimwishlist:item=1813474267&perks=1840239774,3230963543,1523832109,3764420437
dimwishlist:item=1813474267&perks=1840239774,3230963543,1523832109,3708227201
dimwishlist:item=1813474267&perks=1840239774,3230963543,968510818,555281244
dimwishlist:item=1813474267&perks=1840239774,3230963543,968510818,3764420437
dimwishlist:item=1813474267&perks=1840239774,3230963543,968510818,3708227201
dimwishlist:item=1813474267&perks=1840239774,1087426260,1354429876,555281244
dimwishlist:item=1813474267&perks=1840239774,1087426260,1354429876,3764420437
dimwishlist:item=1813474267&perks=1840239774,1087426260,1354429876,3708227201
dimwishlist:item=1813474267&perks=1840239774,1087426260,1523832109,555281244
dimwishlist:item=1813474267&perks=1840239774,1087426260,1523832109,3764420437
dimwishlist:item=1813474267&perks=1840239774,1087426260,1523832109,3708227201
dimwishlist:item=1813474267&perks=1840239774,1087426260,968510818,555281244
dimwishlist:item=1813474267&perks=1840239774,1087426260,968510818,3764420437
dimwishlist:item=1813474267&perks=1840239774,1087426260,968510818,3708227201
dimwishlist:item=1813474267&perks=1840239774,2420895100,1354429876,555281244
dimwishlist:item=1813474267&perks=1840239774,2420895100,1354429876,3764420437
dimwishlist:item=1813474267&perks=1840239774,2420895100,1354429876,3708227201
dimwishlist:item=1813474267&perks=1840239774,2420895100,1523832109,555281244
dimwishlist:item=1813474267&perks=1840239774,2420895100,1523832109,3764420437
dimwishlist:item=1813474267&perks=1840239774,2420895100,1523832109,3708227201
dimwishlist:item=1813474267&perks=1840239774,2420895100,968510818,555281244
dimwishlist:item=1813474267&perks=1840239774,2420895100,968510818,3764420437
dimwishlist:item=1813474267&perks=1840239774,2420895100,968510818,3708227201
dimwishlist:item=1813474267&perks=1392496348,106909392,1354429876,555281244
dimwishlist:item=1813474267&perks=1392496348,106909392,1354429876,3764420437
dimwishlist:item=1813474267&perks=1392496348,106909392,1354429876,3708227201
dimwishlist:item=1813474267&perks=1392496348,106909392,1523832109,555281244
dimwishlist:item=1813474267&perks=1392496348,106909392,1523832109,3764420437
dimwishlist:item=1813474267&perks=1392496348,106909392,1523832109,3708227201
dimwishlist:item=1813474267&perks=1392496348,106909392,968510818,555281244
dimwishlist:item=1813474267&perks=1392496348,106909392,968510818,3764420437
dimwishlist:item=1813474267&perks=1392496348,106909392,968510818,3708227201
dimwishlist:item=1813474267&perks=1392496348,3230963543,1354429876,555281244
dimwishlist:item=1813474267&perks=1392496348,3230963543,1354429876,3764420437
dimwishlist:item=1813474267&perks=1392496348,3230963543,1354429876,3708227201
dimwishlist:item=1813474267&perks=1392496348,3230963543,1523832109,555281244
dimwishlist:item=1813474267&perks=1392496348,3230963543,1523832109,3764420437
dimwishlist:item=1813474267&perks=1392496348,3230963543,1523832109,3708227201
dimwishlist:item=1813474267&perks=1392496348,3230963543,968510818,555281244
dimwishlist:item=1813474267&perks=1392496348,3230963543,968510818,3764420437
dimwishlist:item=1813474267&perks=1392496348,3230963543,968510818,3708227201
dimwishlist:item=1813474267&perks=1392496348,1087426260,1354429876,555281244
dimwishlist:item=1813474267&perks=1392496348,1087426260,1354429876,3764420437
dimwishlist:item=1813474267&perks=1392496348,1087426260,1354429876,3708227201
dimwishlist:item=1813474267&perks=1392496348,1087426260,1523832109,555281244
dimwishlist:item=1813474267&perks=1392496348,1087426260,1523832109,3764420437
dimwishlist:item=1813474267&perks=1392496348,1087426260,1523832109,3708227201
dimwishlist:item=1813474267&perks=1392496348,1087426260,968510818,555281244
dimwishlist:item=1813474267&perks=1392496348,1087426260,968510818,3764420437
dimwishlist:item=1813474267&perks=1392496348,1087426260,968510818,3708227201
dimwishlist:item=1813474267&perks=1392496348,2420895100,1354429876,555281244
dimwishlist:item=1813474267&perks=1392496348,2420895100,1354429876,3764420437
dimwishlist:item=1813474267&perks=1392496348,2420895100,1354429876,3708227201
dimwishlist:item=1813474267&perks=1392496348,2420895100,1523832109,555281244
dimwishlist:item=1813474267&perks=1392496348,2420895100,1523832109,3764420437
dimwishlist:item=1813474267&perks=1392496348,2420895100,1523832109,3708227201
dimwishlist:item=1813474267&perks=1392496348,2420895100,968510818,555281244
dimwishlist:item=1813474267&perks=1392496348,2420895100,968510818,3764420437
dimwishlist:item=1813474267&perks=1392496348,2420895100,968510818,3708227201
dimwishlist:item=1813474267&perks=1482024992,106909392,1354429876,555281244
dimwishlist:item=1813474267&perks=1482024992,106909392,1354429876,3764420437
dimwishlist:item=1813474267&perks=1482024992,106909392,1354429876,3708227201
dimwishlist:item=1813474267&perks=1482024992,106909392,1523832109,555281244
dimwishlist:item=1813474267&perks=1482024992,106909392,1523832109,3764420437
dimwishlist:item=1813474267&perks=1482024992,106909392,1523832109,3708227201
dimwishlist:item=1813474267&perks=1482024992,106909392,968510818,555281244
dimwishlist:item=1813474267&perks=1482024992,106909392,968510818,3764420437
dimwishlist:item=1813474267&perks=1482024992,106909392,968510818,3708227201
dimwishlist:item=1813474267&perks=1482024992,3230963543,1354429876,555281244
dimwishlist:item=1813474267&perks=1482024992,3230963543,1354429876,3764420437
dimwishlist:item=1813474267&perks=1482024992,3230963543,1354429876,3708227201
dimwishlist:item=1813474267&perks=1482024992,3230963543,1523832109,555281244
dimwishlist:item=1813474267&perks=1482024992,3230963543,1523832109,3764420437
dimwishlist:item=1813474267&perks=1482024992,3230963543,1523832109,3708227201
dimwishlist:item=1813474267&perks=1482024992,3230963543,968510818,555281244
dimwishlist:item=1813474267&perks=1482024992,3230963543,968510818,3764420437
dimwishlist:item=1813474267&perks=1482024992,3230963543,968510818,3708227201
dimwishlist:item=1813474267&perks=1482024992,1087426260,1354429876,555281244
dimwishlist:item=1813474267&perks=1482024992,1087426260,1354429876,3764420437
dimwishlist:item=1813474267&perks=1482024992,1087426260,1354429876,3708227201
dimwishlist:item=1813474267&perks=1482024992,1087426260,1523832109,555281244
dimwishlist:item=1813474267&perks=1482024992,1087426260,1523832109,3764420437
dimwishlist:item=1813474267&perks=1482024992,1087426260,1523832109,3708227201
dimwishlist:item=1813474267&perks=1482024992,1087426260,968510818,555281244
dimwishlist:item=1813474267&perks=1482024992,1087426260,968510818,3764420437
dimwishlist:item=1813474267&perks=1482024992,1087426260,968510818,3708227201
dimwishlist:item=1813474267&perks=1482024992,2420895100,1354429876,555281244
dimwishlist:item=1813474267&perks=1482024992,2420895100,1354429876,3764420437
dimwishlist:item=1813474267&perks=1482024992,2420895100,1354429876,3708227201
dimwishlist:item=1813474267&perks=1482024992,2420895100,1523832109,555281244
dimwishlist:item=1813474267&perks=1482024992,2420895100,1523832109,3764420437
dimwishlist:item=1813474267&perks=1482024992,2420895100,1523832109,3708227201
dimwishlist:item=1813474267&perks=1482024992,2420895100,968510818,555281244
dimwishlist:item=1813474267&perks=1482024992,2420895100,968510818,3764420437
dimwishlist:item=1813474267&perks=1482024992,2420895100,968510818,3708227201


// Horror Story - 恐怖故事 (pve)
//notes: 覆盖护盾克星+四号位增伤破屏障用，比普通白弹快一点。四号位上目标锁定打其他小怪也能触发一下，或者还是用狂乱这种比较综合全面的。 tags:pve
dimwishlist:item=2884070594&perks=839105230,106909392,1870851715,365154968
dimwishlist:item=2884070594&perks=839105230,106909392,1870851715,4104185692
dimwishlist:item=2884070594&perks=839105230,106909392,1870851715,1546637391
dimwishlist:item=2884070594&perks=839105230,106909392,3828510309,365154968
dimwishlist:item=2884070594&perks=839105230,106909392,3828510309,4104185692
dimwishlist:item=2884070594&perks=839105230,106909392,3828510309,1546637391
dimwishlist:item=2884070594&perks=839105230,3230963543,1870851715,365154968
dimwishlist:item=2884070594&perks=839105230,3230963543,1870851715,4104185692
dimwishlist:item=2884070594&perks=839105230,3230963543,1870851715,1546637391
dimwishlist:item=2884070594&perks=839105230,3230963543,3828510309,365154968
dimwishlist:item=2884070594&perks=839105230,3230963543,3828510309,4104185692
dimwishlist:item=2884070594&perks=839105230,3230963543,3828510309,1546637391
dimwishlist:item=2884070594&perks=839105230,1885400500,1870851715,365154968
dimwishlist:item=2884070594&perks=839105230,1885400500,1870851715,4104185692
dimwishlist:item=2884070594&perks=839105230,1885400500,1870851715,1546637391
dimwishlist:item=2884070594&perks=839105230,1885400500,3828510309,365154968
dimwishlist:item=2884070594&perks=839105230,1885400500,3828510309,4104185692
dimwishlist:item=2884070594&perks=839105230,1885400500,3828510309,1546637391
dimwishlist:item=2884070594&perks=4090651448,106909392,1870851715,365154968
dimwishlist:item=2884070594&perks=4090651448,106909392,1870851715,4104185692
dimwishlist:item=2884070594&perks=4090651448,106909392,1870851715,1546637391
dimwishlist:item=2884070594&perks=4090651448,106909392,3828510309,365154968
dimwishlist:item=2884070594&perks=4090651448,106909392,3828510309,4104185692
dimwishlist:item=2884070594&perks=4090651448,106909392,3828510309,1546637391
dimwishlist:item=2884070594&perks=4090651448,3230963543,1870851715,365154968
dimwishlist:item=2884070594&perks=4090651448,3230963543,1870851715,4104185692
dimwishlist:item=2884070594&perks=4090651448,3230963543,1870851715,1546637391
dimwishlist:item=2884070594&perks=4090651448,3230963543,3828510309,365154968
dimwishlist:item=2884070594&perks=4090651448,3230963543,3828510309,4104185692
dimwishlist:item=2884070594&perks=4090651448,3230963543,3828510309,1546637391
dimwishlist:item=2884070594&perks=4090651448,1885400500,1870851715,365154968
dimwishlist:item=2884070594&perks=4090651448,1885400500,1870851715,4104185692
dimwishlist:item=2884070594&perks=4090651448,1885400500,1870851715,1546637391
dimwishlist:item=2884070594&perks=4090651448,1885400500,3828510309,365154968
dimwishlist:item=2884070594&perks=4090651448,1885400500,3828510309,4104185692
dimwishlist:item=2884070594&perks=4090651448,1885400500,3828510309,1546637391
dimwishlist:item=2884070594&perks=1840239774,106909392,1870851715,365154968
dimwishlist:item=2884070594&perks=1840239774,106909392,1870851715,4104185692
dimwishlist:item=2884070594&perks=1840239774,106909392,1870851715,1546637391
dimwishlist:item=2884070594&perks=1840239774,106909392,3828510309,365154968
dimwishlist:item=2884070594&perks=1840239774,106909392,3828510309,4104185692
dimwishlist:item=2884070594&perks=1840239774,106909392,3828510309,1546637391
dimwishlist:item=2884070594&perks=1840239774,3230963543,1870851715,365154968
dimwishlist:item=2884070594&perks=1840239774,3230963543,1870851715,4104185692
dimwishlist:item=2884070594&perks=1840239774,3230963543,1870851715,1546637391
dimwishlist:item=2884070594&perks=1840239774,3230963543,3828510309,365154968
dimwishlist:item=2884070594&perks=1840239774,3230963543,3828510309,4104185692
dimwishlist:item=2884070594&perks=1840239774,3230963543,3828510309,1546637391
dimwishlist:item=2884070594&perks=1840239774,1885400500,1870851715,365154968
dimwishlist:item=2884070594&perks=1840239774,1885400500,1870851715,4104185692
dimwishlist:item=2884070594&perks=1840239774,1885400500,1870851715,1546637391
dimwishlist:item=2884070594&perks=1840239774,1885400500,3828510309,365154968
dimwishlist:item=2884070594&perks=1840239774,1885400500,3828510309,4104185692
dimwishlist:item=2884070594&perks=1840239774,1885400500,3828510309,1546637391


// Mechabre - 机械死神 (pve)
//notes: tags:pve
dimwishlist:item=3023280734&perks=839105230,106909392,2284787283,1771339417
dimwishlist:item=3023280734&perks=839105230,106909392,2284787283,1546637391
dimwishlist:item=3023280734&perks=839105230,106909392,3400784728,1771339417
dimwishlist:item=3023280734&perks=839105230,106909392,3400784728,1546637391
dimwishlist:item=3023280734&perks=839105230,3230963543,2284787283,1771339417
dimwishlist:item=3023280734&perks=839105230,3230963543,2284787283,1546637391
dimwishlist:item=3023280734&perks=839105230,3230963543,3400784728,1771339417
dimwishlist:item=3023280734&perks=839105230,3230963543,3400784728,1546637391
dimwishlist:item=3023280734&perks=4090651448,106909392,2284787283,1771339417
dimwishlist:item=3023280734&perks=4090651448,106909392,2284787283,1546637391
dimwishlist:item=3023280734&perks=4090651448,106909392,3400784728,1771339417
dimwishlist:item=3023280734&perks=4090651448,106909392,3400784728,1546637391
dimwishlist:item=3023280734&perks=4090651448,3230963543,2284787283,1771339417
dimwishlist:item=3023280734&perks=4090651448,3230963543,2284787283,1546637391
dimwishlist:item=3023280734&perks=4090651448,3230963543,3400784728,1771339417
dimwishlist:item=3023280734&perks=4090651448,3230963543,3400784728,1546637391
dimwishlist:item=3023280734&perks=1840239774,106909392,2284787283,1771339417
dimwishlist:item=3023280734&perks=1840239774,106909392,2284787283,1546637391
dimwishlist:item=3023280734&perks=1840239774,106909392,3400784728,1771339417
dimwishlist:item=3023280734&perks=1840239774,106909392,3400784728,1546637391
dimwishlist:item=3023280734&perks=1840239774,3230963543,2284787283,1771339417
dimwishlist:item=3023280734&perks=1840239774,3230963543,2284787283,1546637391
dimwishlist:item=3023280734&perks=1840239774,3230963543,3400784728,1771339417
dimwishlist:item=3023280734&perks=1840239774,3230963543,3400784728,1546637391


// Arcane Embrace - 奥术之拥 (pve)
//notes: 三个续航都可以扩大弹匣，四号位还是按需选择，抱着射就精准工具，老样子还是建议刷3x3。另外这枪射得爽，但换弹极其墨迹，一发一发的填。 tags:pve
dimwishlist:item=3328019216&perks=839105230,1087426260,1354429876,555281244
dimwishlist:item=3328019216&perks=839105230,1087426260,1354429876,3764420437
dimwishlist:item=3328019216&perks=839105230,1087426260,1354429876,3708227201
dimwishlist:item=3328019216&perks=839105230,1087426260,1523832109,555281244
dimwishlist:item=3328019216&perks=839105230,1087426260,1523832109,3764420437
dimwishlist:item=3328019216&perks=839105230,1087426260,1523832109,3708227201
dimwishlist:item=3328019216&perks=839105230,1087426260,968510818,555281244
dimwishlist:item=3328019216&perks=839105230,1087426260,968510818,3764420437
dimwishlist:item=3328019216&perks=839105230,1087426260,968510818,3708227201
dimwishlist:item=3328019216&perks=839105230,106909392,1354429876,555281244
dimwishlist:item=3328019216&perks=839105230,106909392,1354429876,3764420437
dimwishlist:item=3328019216&perks=839105230,106909392,1354429876,3708227201
dimwishlist:item=3328019216&perks=839105230,106909392,1523832109,555281244
dimwishlist:item=3328019216&perks=839105230,106909392,1523832109,3764420437
dimwishlist:item=3328019216&perks=839105230,106909392,1523832109,3708227201
dimwishlist:item=3328019216&perks=839105230,106909392,968510818,555281244
dimwishlist:item=3328019216&perks=839105230,106909392,968510818,3764420437
dimwishlist:item=3328019216&perks=839105230,106909392,968510818,3708227201
dimwishlist:item=3328019216&perks=839105230,2420895100,1354429876,555281244
dimwishlist:item=3328019216&perks=839105230,2420895100,1354429876,3764420437
dimwishlist:item=3328019216&perks=839105230,2420895100,1354429876,3708227201
dimwishlist:item=3328019216&perks=839105230,2420895100,1523832109,555281244
dimwishlist:item=3328019216&perks=839105230,2420895100,1523832109,3764420437
dimwishlist:item=3328019216&perks=839105230,2420895100,1523832109,3708227201
dimwishlist:item=3328019216&perks=839105230,2420895100,968510818,555281244
dimwishlist:item=3328019216&perks=839105230,2420895100,968510818,3764420437
dimwishlist:item=3328019216&perks=839105230,2420895100,968510818,3708227201
dimwishlist:item=3328019216&perks=4090651448,1087426260,1354429876,555281244
dimwishlist:item=3328019216&perks=4090651448,1087426260,1354429876,3764420437
dimwishlist:item=3328019216&perks=4090651448,1087426260,1354429876,3708227201
dimwishlist:item=3328019216&perks=4090651448,1087426260,1523832109,555281244
dimwishlist:item=3328019216&perks=4090651448,1087426260,1523832109,3764420437
dimwishlist:item=3328019216&perks=4090651448,1087426260,1523832109,3708227201
dimwishlist:item=3328019216&perks=4090651448,1087426260,968510818,555281244
dimwishlist:item=3328019216&perks=4090651448,1087426260,968510818,3764420437
dimwishlist:item=3328019216&perks=4090651448,1087426260,968510818,3708227201
dimwishlist:item=3328019216&perks=4090651448,106909392,1354429876,555281244
dimwishlist:item=3328019216&perks=4090651448,106909392,1354429876,3764420437
dimwishlist:item=3328019216&perks=4090651448,106909392,1354429876,3708227201
dimwishlist:item=3328019216&perks=4090651448,106909392,1523832109,555281244
dimwishlist:item=3328019216&perks=4090651448,106909392,1523832109,3764420437
dimwishlist:item=3328019216&perks=4090651448,106909392,1523832109,3708227201
dimwishlist:item=3328019216&perks=4090651448,106909392,968510818,555281244
dimwishlist:item=3328019216&perks=4090651448,106909392,968510818,3764420437
dimwishlist:item=3328019216&perks=4090651448,106909392,968510818,3708227201
dimwishlist:item=3328019216&perks=4090651448,2420895100,1354429876,555281244
dimwishlist:item=3328019216&perks=4090651448,2420895100,1354429876,3764420437
dimwishlist:item=3328019216&perks=4090651448,2420895100,1354429876,3708227201
dimwishlist:item=3328019216&perks=4090651448,2420895100,1523832109,555281244
dimwishlist:item=3328019216&perks=4090651448,2420895100,1523832109,3764420437
dimwishlist:item=3328019216&perks=4090651448,2420895100,1523832109,3708227201
dimwishlist:item=3328019216&perks=4090651448,2420895100,968510818,555281244
dimwishlist:item=3328019216&perks=4090651448,2420895100,968510818,3764420437
dimwishlist:item=3328019216&perks=4090651448,2420895100,968510818,3708227201
dimwishlist:item=3328019216&perks=1840239774,1087426260,1354429876,555281244
dimwishlist:item=3328019216&perks=1840239774,1087426260,1354429876,3764420437
dimwishlist:item=3328019216&perks=1840239774,1087426260,1354429876,3708227201
dimwishlist:item=3328019216&perks=1840239774,1087426260,1523832109,555281244
dimwishlist:item=3328019216&perks=1840239774,1087426260,1523832109,3764420437
dimwishlist:item=3328019216&perks=1840239774,1087426260,1523832109,3708227201
dimwishlist:item=3328019216&perks=1840239774,1087426260,968510818,555281244
dimwishlist:item=3328019216&perks=1840239774,1087426260,968510818,3764420437
dimwishlist:item=3328019216&perks=1840239774,1087426260,968510818,3708227201
dimwishlist:item=3328019216&perks=1840239774,106909392,1354429876,555281244
dimwishlist:item=3328019216&perks=1840239774,106909392,1354429876,3764420437
dimwishlist:item=3328019216&perks=1840239774,106909392,1354429876,3708227201
dimwishlist:item=3328019216&perks=1840239774,106909392,1523832109,555281244
dimwishlist:item=3328019216&perks=1840239774,106909392,1523832109,3764420437
dimwishlist:item=3328019216&perks=1840239774,106909392,1523832109,3708227201
dimwishlist:item=3328019216&perks=1840239774,106909392,968510818,555281244
dimwishlist:item=3328019216&perks=1840239774,106909392,968510818,3764420437
dimwishlist:item=3328019216&perks=1840239774,106909392,968510818,3708227201
dimwishlist:item=3328019216&perks=1840239774,2420895100,1354429876,555281244
dimwishlist:item=3328019216&perks=1840239774,2420895100,1354429876,3764420437
dimwishlist:item=3328019216&perks=1840239774,2420895100,1354429876,3708227201
dimwishlist:item=3328019216&perks=1840239774,2420895100,1523832109,555281244
dimwishlist:item=3328019216&perks=1840239774,2420895100,1523832109,3764420437
dimwishlist:item=3328019216&perks=1840239774,2420895100,1523832109,3708227201
dimwishlist:item=3328019216&perks=1840239774,2420895100,968510818,555281244
dimwishlist:item=3328019216&perks=1840239774,2420895100,968510818,3764420437
dimwishlist:item=3328019216&perks=1840239774,2420895100,968510818,3708227201
dimwishlist:item=3328019216&perks=1392496348,1087426260,1354429876,555281244
dimwishlist:item=3328019216&perks=1392496348,1087426260,1354429876,3764420437
dimwishlist:item=3328019216&perks=1392496348,1087426260,1354429876,3708227201
dimwishlist:item=3328019216&perks=1392496348,1087426260,1523832109,555281244
dimwishlist:item=3328019216&perks=1392496348,1087426260,1523832109,3764420437
dimwishlist:item=3328019216&perks=1392496348,1087426260,1523832109,3708227201
dimwishlist:item=3328019216&perks=1392496348,1087426260,968510818,555281244
dimwishlist:item=3328019216&perks=1392496348,1087426260,968510818,3764420437
dimwishlist:item=3328019216&perks=1392496348,1087426260,968510818,3708227201
dimwishlist:item=3328019216&perks=1392496348,106909392,1354429876,555281244
dimwishlist:item=3328019216&perks=1392496348,106909392,1354429876,3764420437
dimwishlist:item=3328019216&perks=1392496348,106909392,1354429876,3708227201
dimwishlist:item=3328019216&perks=1392496348,106909392,1523832109,555281244
dimwishlist:item=3328019216&perks=1392496348,106909392,1523832109,3764420437
dimwishlist:item=3328019216&perks=1392496348,106909392,1523832109,3708227201
dimwishlist:item=3328019216&perks=1392496348,106909392,968510818,555281244
dimwishlist:item=3328019216&perks=1392496348,106909392,968510818,3764420437
dimwishlist:item=3328019216&perks=1392496348,106909392,968510818,3708227201
dimwishlist:item=3328019216&perks=1392496348,2420895100,1354429876,555281244
dimwishlist:item=3328019216&perks=1392496348,2420895100,1354429876,3764420437
dimwishlist:item=3328019216&perks=1392496348,2420895100,1354429876,3708227201
dimwishlist:item=3328019216&perks=1392496348,2420895100,1523832109,555281244
dimwishlist:item=3328019216&perks=1392496348,2420895100,1523832109,3764420437
dimwishlist:item=3328019216&perks=1392496348,2420895100,1523832109,3708227201
dimwishlist:item=3328019216&perks=1392496348,2420895100,968510818,555281244
dimwishlist:item=3328019216&perks=1392496348,2420895100,968510818,3764420437
dimwishlist:item=3328019216&perks=1392496348,2420895100,968510818,3708227201
dimwishlist:item=3328019216&perks=1482024992,1087426260,1354429876,555281244
dimwishlist:item=3328019216&perks=1482024992,1087426260,1354429876,3764420437
dimwishlist:item=3328019216&perks=1482024992,1087426260,1354429876,3708227201
dimwishlist:item=3328019216&perks=1482024992,1087426260,1523832109,555281244
dimwishlist:item=3328019216&perks=1482024992,1087426260,1523832109,3764420437
dimwishlist:item=3328019216&perks=1482024992,1087426260,1523832109,3708227201
dimwishlist:item=3328019216&perks=1482024992,1087426260,968510818,555281244
dimwishlist:item=3328019216&perks=1482024992,1087426260,968510818,3764420437
dimwishlist:item=3328019216&perks=1482024992,1087426260,968510818,3708227201
dimwishlist:item=3328019216&perks=1482024992,106909392,1354429876,555281244
dimwishlist:item=3328019216&perks=1482024992,106909392,1354429876,3764420437
dimwishlist:item=3328019216&perks=1482024992,106909392,1354429876,3708227201
dimwishlist:item=3328019216&perks=1482024992,106909392,1523832109,555281244
dimwishlist:item=3328019216&perks=1482024992,106909392,1523832109,3764420437
dimwishlist:item=3328019216&perks=1482024992,106909392,1523832109,3708227201
dimwishlist:item=3328019216&perks=1482024992,106909392,968510818,555281244
dimwishlist:item=3328019216&perks=1482024992,106909392,968510818,3764420437
dimwishlist:item=3328019216&perks=1482024992,106909392,968510818,3708227201
dimwishlist:item=3328019216&perks=1482024992,2420895100,1354429876,555281244
dimwishlist:item=3328019216&perks=1482024992,2420895100,1354429876,3764420437
dimwishlist:item=3328019216&perks=1482024992,2420895100,1354429876,3708227201
dimwishlist:item=3328019216&perks=1482024992,2420895100,1523832109,555281244
dimwishlist:item=3328019216&perks=1482024992,2420895100,1523832109,3764420437
dimwishlist:item=3328019216&perks=1482024992,2420895100,1523832109,3708227201
dimwishlist:item=3328019216&perks=1482024992,2420895100,968510818,555281244
dimwishlist:item=3328019216&perks=1482024992,2420895100,968510818,3764420437
dimwishlist:item=3328019216&perks=1482024992,2420895100,968510818,3708227201


// Hushed Whisper - 噤声低语 (pve)
//notes: tags:pve
dimwishlist:item=3574168117&perks=923806249,3365897133
dimwishlist:item=3574168117&perks=923806249,831391274
dimwishlist:item=3574168117&perks=960997401,3365897133
dimwishlist:item=3574168117&perks=960997401,831391274


