title:至日武器perk
description:至日武器perk

// Crowning Duologue - 加冕对白 (pve)
//notes: 相比常规筒子多一个解构，对载具屏障特攻。 tags:pve
dimwishlist:item=1151307006&perks=1478423395,3796465595,3300816228,3078487919
dimwishlist:item=1151307006&perks=1478423395,3796465595,3300816228,1439600632
dimwishlist:item=1151307006&perks=1478423395,3796465595,3300816228,3993379141
dimwishlist:item=1151307006&perks=1478423395,3796465595,1523832109,3078487919
dimwishlist:item=1151307006&perks=1478423395,3796465595,1523832109,1439600632
dimwishlist:item=1151307006&perks=1478423395,3796465595,1523832109,3993379141
dimwishlist:item=1151307006&perks=1478423395,3796465595,1421772400,3078487919
dimwishlist:item=1151307006&perks=1478423395,3796465595,1421772400,1439600632
dimwishlist:item=1151307006&perks=1478423395,3796465595,1421772400,3993379141
dimwishlist:item=1151307006&perks=1478423395,2822142346,3300816228,3078487919
dimwishlist:item=1151307006&perks=1478423395,2822142346,3300816228,1439600632
dimwishlist:item=1151307006&perks=1478423395,2822142346,3300816228,3993379141
dimwishlist:item=1151307006&perks=1478423395,2822142346,1523832109,3078487919
dimwishlist:item=1151307006&perks=1478423395,2822142346,1523832109,1439600632
dimwishlist:item=1151307006&perks=1478423395,2822142346,1523832109,3993379141
dimwishlist:item=1151307006&perks=1478423395,2822142346,1421772400,3078487919
dimwishlist:item=1151307006&perks=1478423395,2822142346,1421772400,1439600632
dimwishlist:item=1151307006&perks=1478423395,2822142346,1421772400,3993379141
dimwishlist:item=1151307006&perks=3525010810,3796465595,3300816228,3078487919
dimwishlist:item=1151307006&perks=3525010810,3796465595,3300816228,1439600632
dimwishlist:item=1151307006&perks=3525010810,3796465595,3300816228,3993379141
dimwishlist:item=1151307006&perks=3525010810,3796465595,1523832109,3078487919
dimwishlist:item=1151307006&perks=3525010810,3796465595,1523832109,1439600632
dimwishlist:item=1151307006&perks=3525010810,3796465595,1523832109,3993379141
dimwishlist:item=1151307006&perks=3525010810,3796465595,1421772400,3078487919
dimwishlist:item=1151307006&perks=3525010810,3796465595,1421772400,1439600632
dimwishlist:item=1151307006&perks=3525010810,3796465595,1421772400,3993379141
dimwishlist:item=1151307006&perks=3525010810,2822142346,3300816228,3078487919
dimwishlist:item=1151307006&perks=3525010810,2822142346,3300816228,1439600632
dimwishlist:item=1151307006&perks=3525010810,2822142346,3300816228,3993379141
dimwishlist:item=1151307006&perks=3525010810,2822142346,1523832109,3078487919
dimwishlist:item=1151307006&perks=3525010810,2822142346,1523832109,1439600632
dimwishlist:item=1151307006&perks=3525010810,2822142346,1523832109,3993379141
dimwishlist:item=1151307006&perks=3525010810,2822142346,1421772400,3078487919
dimwishlist:item=1151307006&perks=3525010810,2822142346,1421772400,1439600632
dimwishlist:item=1151307006&perks=3525010810,2822142346,1421772400,3993379141
dimwishlist:item=1151307006&perks=3798852852,3796465595,3300816228,3078487919
dimwishlist:item=1151307006&perks=3798852852,3796465595,3300816228,1439600632
dimwishlist:item=1151307006&perks=3798852852,3796465595,3300816228,3993379141
dimwishlist:item=1151307006&perks=3798852852,3796465595,1523832109,3078487919
dimwishlist:item=1151307006&perks=3798852852,3796465595,1523832109,1439600632
dimwishlist:item=1151307006&perks=3798852852,3796465595,1523832109,3993379141
dimwishlist:item=1151307006&perks=3798852852,3796465595,1421772400,3078487919
dimwishlist:item=1151307006&perks=3798852852,3796465595,1421772400,1439600632
dimwishlist:item=1151307006&perks=3798852852,3796465595,1421772400,3993379141
dimwishlist:item=1151307006&perks=3798852852,2822142346,3300816228,3078487919
dimwishlist:item=1151307006&perks=3798852852,2822142346,3300816228,1439600632
dimwishlist:item=1151307006&perks=3798852852,2822142346,3300816228,3993379141
dimwishlist:item=1151307006&perks=3798852852,2822142346,1523832109,3078487919
dimwishlist:item=1151307006&perks=3798852852,2822142346,1523832109,1439600632
dimwishlist:item=1151307006&perks=3798852852,2822142346,1523832109,3993379141
dimwishlist:item=1151307006&perks=3798852852,2822142346,1421772400,3078487919
dimwishlist:item=1151307006&perks=3798852852,2822142346,1421772400,1439600632
dimwishlist:item=1151307006&perks=3798852852,2822142346,1421772400,3993379141


// Dawn Far Off - 远方黎明 (pve)
//notes: 总体属于常规火机枪，注意和同框架的时间字句手动区分。 tags:pve
dimwishlist:item=1484294659&perks=839105230,3230963543,3400784728,557221067
dimwishlist:item=1484294659&perks=839105230,3230963543,3400784728,4293542123
dimwishlist:item=1484294659&perks=839105230,3230963543,3400784728,657025441
dimwishlist:item=1484294659&perks=839105230,3230963543,3400784728,365154968
dimwishlist:item=1484294659&perks=839105230,3230963543,1820235745,557221067
dimwishlist:item=1484294659&perks=839105230,3230963543,1820235745,4293542123
dimwishlist:item=1484294659&perks=839105230,3230963543,1820235745,657025441
dimwishlist:item=1484294659&perks=839105230,3230963543,1820235745,365154968
dimwishlist:item=1484294659&perks=839105230,3230963543,2890807135,557221067
dimwishlist:item=1484294659&perks=839105230,3230963543,2890807135,4293542123
dimwishlist:item=1484294659&perks=839105230,3230963543,2890807135,657025441
dimwishlist:item=1484294659&perks=839105230,3230963543,2890807135,365154968
dimwishlist:item=1484294659&perks=839105230,3230963543,4019266109,557221067
dimwishlist:item=1484294659&perks=839105230,3230963543,4019266109,4293542123
dimwishlist:item=1484294659&perks=839105230,3230963543,4019266109,657025441
dimwishlist:item=1484294659&perks=839105230,3230963543,4019266109,365154968
dimwishlist:item=1484294659&perks=839105230,106909392,3400784728,557221067
dimwishlist:item=1484294659&perks=839105230,106909392,3400784728,4293542123
dimwishlist:item=1484294659&perks=839105230,106909392,3400784728,657025441
dimwishlist:item=1484294659&perks=839105230,106909392,3400784728,365154968
dimwishlist:item=1484294659&perks=839105230,106909392,1820235745,557221067
dimwishlist:item=1484294659&perks=839105230,106909392,1820235745,4293542123
dimwishlist:item=1484294659&perks=839105230,106909392,1820235745,657025441
dimwishlist:item=1484294659&perks=839105230,106909392,1820235745,365154968
dimwishlist:item=1484294659&perks=839105230,106909392,2890807135,557221067
dimwishlist:item=1484294659&perks=839105230,106909392,2890807135,4293542123
dimwishlist:item=1484294659&perks=839105230,106909392,2890807135,657025441
dimwishlist:item=1484294659&perks=839105230,106909392,2890807135,365154968
dimwishlist:item=1484294659&perks=839105230,106909392,4019266109,557221067
dimwishlist:item=1484294659&perks=839105230,106909392,4019266109,4293542123
dimwishlist:item=1484294659&perks=839105230,106909392,4019266109,657025441
dimwishlist:item=1484294659&perks=839105230,106909392,4019266109,365154968
dimwishlist:item=1484294659&perks=839105230,1087426260,3400784728,557221067
dimwishlist:item=1484294659&perks=839105230,1087426260,3400784728,4293542123
dimwishlist:item=1484294659&perks=839105230,1087426260,3400784728,657025441
dimwishlist:item=1484294659&perks=839105230,1087426260,3400784728,365154968
dimwishlist:item=1484294659&perks=839105230,1087426260,1820235745,557221067
dimwishlist:item=1484294659&perks=839105230,1087426260,1820235745,4293542123
dimwishlist:item=1484294659&perks=839105230,1087426260,1820235745,657025441
dimwishlist:item=1484294659&perks=839105230,1087426260,1820235745,365154968
dimwishlist:item=1484294659&perks=839105230,1087426260,2890807135,557221067
dimwishlist:item=1484294659&perks=839105230,1087426260,2890807135,4293542123
dimwishlist:item=1484294659&perks=839105230,1087426260,2890807135,657025441
dimwishlist:item=1484294659&perks=839105230,1087426260,2890807135,365154968
dimwishlist:item=1484294659&perks=839105230,1087426260,4019266109,557221067
dimwishlist:item=1484294659&perks=839105230,1087426260,4019266109,4293542123
dimwishlist:item=1484294659&perks=839105230,1087426260,4019266109,657025441
dimwishlist:item=1484294659&perks=839105230,1087426260,4019266109,365154968
dimwishlist:item=1484294659&perks=4090651448,3230963543,3400784728,557221067
dimwishlist:item=1484294659&perks=4090651448,3230963543,3400784728,4293542123
dimwishlist:item=1484294659&perks=4090651448,3230963543,3400784728,657025441
dimwishlist:item=1484294659&perks=4090651448,3230963543,3400784728,365154968
dimwishlist:item=1484294659&perks=4090651448,3230963543,1820235745,557221067
dimwishlist:item=1484294659&perks=4090651448,3230963543,1820235745,4293542123
dimwishlist:item=1484294659&perks=4090651448,3230963543,1820235745,657025441
dimwishlist:item=1484294659&perks=4090651448,3230963543,1820235745,365154968
dimwishlist:item=1484294659&perks=4090651448,3230963543,2890807135,557221067
dimwishlist:item=1484294659&perks=4090651448,3230963543,2890807135,4293542123
dimwishlist:item=1484294659&perks=4090651448,3230963543,2890807135,657025441
dimwishlist:item=1484294659&perks=4090651448,3230963543,2890807135,365154968
dimwishlist:item=1484294659&perks=4090651448,3230963543,4019266109,557221067
dimwishlist:item=1484294659&perks=4090651448,3230963543,4019266109,4293542123
dimwishlist:item=1484294659&perks=4090651448,3230963543,4019266109,657025441
dimwishlist:item=1484294659&perks=4090651448,3230963543,4019266109,365154968
dimwishlist:item=1484294659&perks=4090651448,106909392,3400784728,557221067
dimwishlist:item=1484294659&perks=4090651448,106909392,3400784728,4293542123
dimwishlist:item=1484294659&perks=4090651448,106909392,3400784728,657025441
dimwishlist:item=1484294659&perks=4090651448,106909392,3400784728,365154968
dimwishlist:item=1484294659&perks=4090651448,106909392,1820235745,557221067
dimwishlist:item=1484294659&perks=4090651448,106909392,1820235745,4293542123
dimwishlist:item=1484294659&perks=4090651448,106909392,1820235745,657025441
dimwishlist:item=1484294659&perks=4090651448,106909392,1820235745,365154968
dimwishlist:item=1484294659&perks=4090651448,106909392,2890807135,557221067
dimwishlist:item=1484294659&perks=4090651448,106909392,2890807135,4293542123
dimwishlist:item=1484294659&perks=4090651448,106909392,2890807135,657025441
dimwishlist:item=1484294659&perks=4090651448,106909392,2890807135,365154968
dimwishlist:item=1484294659&perks=4090651448,106909392,4019266109,557221067
dimwishlist:item=1484294659&perks=4090651448,106909392,4019266109,4293542123
dimwishlist:item=1484294659&perks=4090651448,106909392,4019266109,657025441
dimwishlist:item=1484294659&perks=4090651448,106909392,4019266109,365154968
dimwishlist:item=1484294659&perks=4090651448,1087426260,3400784728,557221067
dimwishlist:item=1484294659&perks=4090651448,1087426260,3400784728,4293542123
dimwishlist:item=1484294659&perks=4090651448,1087426260,3400784728,657025441
dimwishlist:item=1484294659&perks=4090651448,1087426260,3400784728,365154968
dimwishlist:item=1484294659&perks=4090651448,1087426260,1820235745,557221067
dimwishlist:item=1484294659&perks=4090651448,1087426260,1820235745,4293542123
dimwishlist:item=1484294659&perks=4090651448,1087426260,1820235745,657025441
dimwishlist:item=1484294659&perks=4090651448,1087426260,1820235745,365154968
dimwishlist:item=1484294659&perks=4090651448,1087426260,2890807135,557221067
dimwishlist:item=1484294659&perks=4090651448,1087426260,2890807135,4293542123
dimwishlist:item=1484294659&perks=4090651448,1087426260,2890807135,657025441
dimwishlist:item=1484294659&perks=4090651448,1087426260,2890807135,365154968
dimwishlist:item=1484294659&perks=4090651448,1087426260,4019266109,557221067
dimwishlist:item=1484294659&perks=4090651448,1087426260,4019266109,4293542123
dimwishlist:item=1484294659&perks=4090651448,1087426260,4019266109,657025441
dimwishlist:item=1484294659&perks=4090651448,1087426260,4019266109,365154968
dimwishlist:item=1484294659&perks=1840239774,3230963543,3400784728,557221067
dimwishlist:item=1484294659&perks=1840239774,3230963543,3400784728,4293542123
dimwishlist:item=1484294659&perks=1840239774,3230963543,3400784728,657025441
dimwishlist:item=1484294659&perks=1840239774,3230963543,3400784728,365154968
dimwishlist:item=1484294659&perks=1840239774,3230963543,1820235745,557221067
dimwishlist:item=1484294659&perks=1840239774,3230963543,1820235745,4293542123
dimwishlist:item=1484294659&perks=1840239774,3230963543,1820235745,657025441
dimwishlist:item=1484294659&perks=1840239774,3230963543,1820235745,365154968
dimwishlist:item=1484294659&perks=1840239774,3230963543,2890807135,557221067
dimwishlist:item=1484294659&perks=1840239774,3230963543,2890807135,4293542123
dimwishlist:item=1484294659&perks=1840239774,3230963543,2890807135,657025441
dimwishlist:item=1484294659&perks=1840239774,3230963543,2890807135,365154968
dimwishlist:item=1484294659&perks=1840239774,3230963543,4019266109,557221067
dimwishlist:item=1484294659&perks=1840239774,3230963543,4019266109,4293542123
dimwishlist:item=1484294659&perks=1840239774,3230963543,4019266109,657025441
dimwishlist:item=1484294659&perks=1840239774,3230963543,4019266109,365154968
dimwishlist:item=1484294659&perks=1840239774,106909392,3400784728,557221067
dimwishlist:item=1484294659&perks=1840239774,106909392,3400784728,4293542123
dimwishlist:item=1484294659&perks=1840239774,106909392,3400784728,657025441
dimwishlist:item=1484294659&perks=1840239774,106909392,3400784728,365154968
dimwishlist:item=1484294659&perks=1840239774,106909392,1820235745,557221067
dimwishlist:item=1484294659&perks=1840239774,106909392,1820235745,4293542123
dimwishlist:item=1484294659&perks=1840239774,106909392,1820235745,657025441
dimwishlist:item=1484294659&perks=1840239774,106909392,1820235745,365154968
dimwishlist:item=1484294659&perks=1840239774,106909392,2890807135,557221067
dimwishlist:item=1484294659&perks=1840239774,106909392,2890807135,4293542123
dimwishlist:item=1484294659&perks=1840239774,106909392,2890807135,657025441
dimwishlist:item=1484294659&perks=1840239774,106909392,2890807135,365154968
dimwishlist:item=1484294659&perks=1840239774,106909392,4019266109,557221067
dimwishlist:item=1484294659&perks=1840239774,106909392,4019266109,4293542123
dimwishlist:item=1484294659&perks=1840239774,106909392,4019266109,657025441
dimwishlist:item=1484294659&perks=1840239774,106909392,4019266109,365154968
dimwishlist:item=1484294659&perks=1840239774,1087426260,3400784728,557221067
dimwishlist:item=1484294659&perks=1840239774,1087426260,3400784728,4293542123
dimwishlist:item=1484294659&perks=1840239774,1087426260,3400784728,657025441
dimwishlist:item=1484294659&perks=1840239774,1087426260,3400784728,365154968
dimwishlist:item=1484294659&perks=1840239774,1087426260,1820235745,557221067
dimwishlist:item=1484294659&perks=1840239774,1087426260,1820235745,4293542123
dimwishlist:item=1484294659&perks=1840239774,1087426260,1820235745,657025441
dimwishlist:item=1484294659&perks=1840239774,1087426260,1820235745,365154968
dimwishlist:item=1484294659&perks=1840239774,1087426260,2890807135,557221067
dimwishlist:item=1484294659&perks=1840239774,1087426260,2890807135,4293542123
dimwishlist:item=1484294659&perks=1840239774,1087426260,2890807135,657025441
dimwishlist:item=1484294659&perks=1840239774,1087426260,2890807135,365154968
dimwishlist:item=1484294659&perks=1840239774,1087426260,4019266109,557221067
dimwishlist:item=1484294659&perks=1840239774,1087426260,4019266109,4293542123
dimwishlist:item=1484294659&perks=1840239774,1087426260,4019266109,657025441
dimwishlist:item=1484294659&perks=1840239774,1087426260,4019266109,365154968


// Something New - 新玩意 (pve)
//notes: perk池偏pvp。起源特性和框架都不占优势，除了有T5还不如年七的蜕皮 tags:pve
dimwishlist:item=1705150753&perks=839105230,3230963543,1955165503,124408337
dimwishlist:item=1705150753&perks=839105230,106909392,1955165503,124408337
dimwishlist:item=1705150753&perks=839105230,1885400500,1955165503,124408337
dimwishlist:item=1705150753&perks=4090651448,3230963543,1955165503,124408337
dimwishlist:item=1705150753&perks=4090651448,106909392,1955165503,124408337
dimwishlist:item=1705150753&perks=4090651448,1885400500,1955165503,124408337
dimwishlist:item=1705150753&perks=1840239774,3230963543,1955165503,124408337
dimwishlist:item=1705150753&perks=1840239774,106909392,1955165503,124408337
dimwishlist:item=1705150753&perks=1840239774,1885400500,1955165503,124408337


// Fortunate Star - 幸运星 (pve)
//notes: tags:pve
dimwishlist:item=2631466936&perks=3768438372,16392701,776531651,2048641572
dimwishlist:item=2631466936&perks=3768438372,16392701,776531651,3365897133
dimwishlist:item=2631466936&perks=3768438372,16392701,776531651,1464081238
dimwishlist:item=2631466936&perks=3768438372,16392701,2848615171,2048641572
dimwishlist:item=2631466936&perks=3768438372,16392701,2848615171,3365897133
dimwishlist:item=2631466936&perks=3768438372,16392701,2848615171,1464081238
dimwishlist:item=2631466936&perks=3768438372,16392701,201365942,2048641572
dimwishlist:item=2631466936&perks=3768438372,16392701,201365942,3365897133
dimwishlist:item=2631466936&perks=3768438372,16392701,201365942,1464081238
dimwishlist:item=2631466936&perks=3768438372,2154191829,776531651,2048641572
dimwishlist:item=2631466936&perks=3768438372,2154191829,776531651,3365897133
dimwishlist:item=2631466936&perks=3768438372,2154191829,776531651,1464081238
dimwishlist:item=2631466936&perks=3768438372,2154191829,2848615171,2048641572
dimwishlist:item=2631466936&perks=3768438372,2154191829,2848615171,3365897133
dimwishlist:item=2631466936&perks=3768438372,2154191829,2848615171,1464081238
dimwishlist:item=2631466936&perks=3768438372,2154191829,201365942,2048641572
dimwishlist:item=2631466936&perks=3768438372,2154191829,201365942,3365897133
dimwishlist:item=2631466936&perks=3768438372,2154191829,201365942,1464081238
dimwishlist:item=2631466936&perks=3768438372,3429800428,776531651,2048641572
dimwishlist:item=2631466936&perks=3768438372,3429800428,776531651,3365897133
dimwishlist:item=2631466936&perks=3768438372,3429800428,776531651,1464081238
dimwishlist:item=2631466936&perks=3768438372,3429800428,2848615171,2048641572
dimwishlist:item=2631466936&perks=3768438372,3429800428,2848615171,3365897133
dimwishlist:item=2631466936&perks=3768438372,3429800428,2848615171,1464081238
dimwishlist:item=2631466936&perks=3768438372,3429800428,201365942,2048641572
dimwishlist:item=2631466936&perks=3768438372,3429800428,201365942,3365897133
dimwishlist:item=2631466936&perks=3768438372,3429800428,201365942,1464081238
dimwishlist:item=2631466936&perks=1196733167,16392701,776531651,2048641572
dimwishlist:item=2631466936&perks=1196733167,16392701,776531651,3365897133
dimwishlist:item=2631466936&perks=1196733167,16392701,776531651,1464081238
dimwishlist:item=2631466936&perks=1196733167,16392701,2848615171,2048641572
dimwishlist:item=2631466936&perks=1196733167,16392701,2848615171,3365897133
dimwishlist:item=2631466936&perks=1196733167,16392701,2848615171,1464081238
dimwishlist:item=2631466936&perks=1196733167,16392701,201365942,2048641572
dimwishlist:item=2631466936&perks=1196733167,16392701,201365942,3365897133
dimwishlist:item=2631466936&perks=1196733167,16392701,201365942,1464081238
dimwishlist:item=2631466936&perks=1196733167,2154191829,776531651,2048641572
dimwishlist:item=2631466936&perks=1196733167,2154191829,776531651,3365897133
dimwishlist:item=2631466936&perks=1196733167,2154191829,776531651,1464081238
dimwishlist:item=2631466936&perks=1196733167,2154191829,2848615171,2048641572
dimwishlist:item=2631466936&perks=1196733167,2154191829,2848615171,3365897133
dimwishlist:item=2631466936&perks=1196733167,2154191829,2848615171,1464081238
dimwishlist:item=2631466936&perks=1196733167,2154191829,201365942,2048641572
dimwishlist:item=2631466936&perks=1196733167,2154191829,201365942,3365897133
dimwishlist:item=2631466936&perks=1196733167,2154191829,201365942,1464081238
dimwishlist:item=2631466936&perks=1196733167,3429800428,776531651,2048641572
dimwishlist:item=2631466936&perks=1196733167,3429800428,776531651,3365897133
dimwishlist:item=2631466936&perks=1196733167,3429800428,776531651,1464081238
dimwishlist:item=2631466936&perks=1196733167,3429800428,2848615171,2048641572
dimwishlist:item=2631466936&perks=1196733167,3429800428,2848615171,3365897133
dimwishlist:item=2631466936&perks=1196733167,3429800428,2848615171,1464081238
dimwishlist:item=2631466936&perks=1196733167,3429800428,201365942,2048641572
dimwishlist:item=2631466936&perks=1196733167,3429800428,201365942,3365897133
dimwishlist:item=2631466936&perks=1196733167,3429800428,201365942,1464081238
dimwishlist:item=2631466936&perks=2801223209,16392701,776531651,2048641572
dimwishlist:item=2631466936&perks=2801223209,16392701,776531651,3365897133
dimwishlist:item=2631466936&perks=2801223209,16392701,776531651,1464081238
dimwishlist:item=2631466936&perks=2801223209,16392701,2848615171,2048641572
dimwishlist:item=2631466936&perks=2801223209,16392701,2848615171,3365897133
dimwishlist:item=2631466936&perks=2801223209,16392701,2848615171,1464081238
dimwishlist:item=2631466936&perks=2801223209,16392701,201365942,2048641572
dimwishlist:item=2631466936&perks=2801223209,16392701,201365942,3365897133
dimwishlist:item=2631466936&perks=2801223209,16392701,201365942,1464081238
dimwishlist:item=2631466936&perks=2801223209,2154191829,776531651,2048641572
dimwishlist:item=2631466936&perks=2801223209,2154191829,776531651,3365897133
dimwishlist:item=2631466936&perks=2801223209,2154191829,776531651,1464081238
dimwishlist:item=2631466936&perks=2801223209,2154191829,2848615171,2048641572
dimwishlist:item=2631466936&perks=2801223209,2154191829,2848615171,3365897133
dimwishlist:item=2631466936&perks=2801223209,2154191829,2848615171,1464081238
dimwishlist:item=2631466936&perks=2801223209,2154191829,201365942,2048641572
dimwishlist:item=2631466936&perks=2801223209,2154191829,201365942,3365897133
dimwishlist:item=2631466936&perks=2801223209,2154191829,201365942,1464081238
dimwishlist:item=2631466936&perks=2801223209,3429800428,776531651,2048641572
dimwishlist:item=2631466936&perks=2801223209,3429800428,776531651,3365897133
dimwishlist:item=2631466936&perks=2801223209,3429800428,776531651,1464081238
dimwishlist:item=2631466936&perks=2801223209,3429800428,2848615171,2048641572
dimwishlist:item=2631466936&perks=2801223209,3429800428,2848615171,3365897133
dimwishlist:item=2631466936&perks=2801223209,3429800428,2848615171,1464081238
dimwishlist:item=2631466936&perks=2801223209,3429800428,201365942,2048641572
dimwishlist:item=2631466936&perks=2801223209,3429800428,201365942,3365897133
dimwishlist:item=2631466936&perks=2801223209,3429800428,201365942,1464081238
dimwishlist:item=2631466936&perks=1784898267,16392701,776531651,2048641572
dimwishlist:item=2631466936&perks=1784898267,16392701,776531651,3365897133
dimwishlist:item=2631466936&perks=1784898267,16392701,776531651,1464081238
dimwishlist:item=2631466936&perks=1784898267,16392701,2848615171,2048641572
dimwishlist:item=2631466936&perks=1784898267,16392701,2848615171,3365897133
dimwishlist:item=2631466936&perks=1784898267,16392701,2848615171,1464081238
dimwishlist:item=2631466936&perks=1784898267,16392701,201365942,2048641572
dimwishlist:item=2631466936&perks=1784898267,16392701,201365942,3365897133
dimwishlist:item=2631466936&perks=1784898267,16392701,201365942,1464081238
dimwishlist:item=2631466936&perks=1784898267,2154191829,776531651,2048641572
dimwishlist:item=2631466936&perks=1784898267,2154191829,776531651,3365897133
dimwishlist:item=2631466936&perks=1784898267,2154191829,776531651,1464081238
dimwishlist:item=2631466936&perks=1784898267,2154191829,2848615171,2048641572
dimwishlist:item=2631466936&perks=1784898267,2154191829,2848615171,3365897133
dimwishlist:item=2631466936&perks=1784898267,2154191829,2848615171,1464081238
dimwishlist:item=2631466936&perks=1784898267,2154191829,201365942,2048641572
dimwishlist:item=2631466936&perks=1784898267,2154191829,201365942,3365897133
dimwishlist:item=2631466936&perks=1784898267,2154191829,201365942,1464081238
dimwishlist:item=2631466936&perks=1784898267,3429800428,776531651,2048641572
dimwishlist:item=2631466936&perks=1784898267,3429800428,776531651,3365897133
dimwishlist:item=2631466936&perks=1784898267,3429800428,776531651,1464081238
dimwishlist:item=2631466936&perks=1784898267,3429800428,2848615171,2048641572
dimwishlist:item=2631466936&perks=1784898267,3429800428,2848615171,3365897133
dimwishlist:item=2631466936&perks=1784898267,3429800428,2848615171,1464081238
dimwishlist:item=2631466936&perks=1784898267,3429800428,201365942,2048641572
dimwishlist:item=2631466936&perks=1784898267,3429800428,201365942,3365897133
dimwishlist:item=2631466936&perks=1784898267,3429800428,201365942,1464081238


// Compass Rose - 玫瑰罗盘 (pve)
//notes: tags:pve
dimwishlist:item=2723419129&perks=1482024992,1087426260,1631667848,2360754333
dimwishlist:item=2723419129&perks=1482024992,1087426260,1631667848,2679249093
dimwishlist:item=2723419129&perks=1482024992,2420895100,1631667848,2360754333
dimwishlist:item=2723419129&perks=1482024992,2420895100,1631667848,2679249093
dimwishlist:item=2723419129&perks=1300023272,1087426260,1631667848,2360754333
dimwishlist:item=2723419129&perks=1300023272,1087426260,1631667848,2679249093
dimwishlist:item=2723419129&perks=1300023272,2420895100,1631667848,2360754333
dimwishlist:item=2723419129&perks=1300023272,2420895100,1631667848,2679249093
dimwishlist:item=2723419129&perks=4090651448,1087426260,1631667848,2360754333
dimwishlist:item=2723419129&perks=4090651448,1087426260,1631667848,2679249093
dimwishlist:item=2723419129&perks=4090651448,2420895100,1631667848,2360754333
dimwishlist:item=2723419129&perks=4090651448,2420895100,1631667848,2679249093


// Compass Rose (pvp)
//notes: tags:pvp
dimwishlist:item=2723419129&perks=1300023272,791862061,4071163871,47981717
dimwishlist:item=2723419129&perks=1300023272,791862061,3161816588,47981717
dimwishlist:item=2723419129&perks=1482024992,791862061,4071163871,47981717
dimwishlist:item=2723419129&perks=1482024992,791862061,3161816588,47981717


// Dawn Far Off - 远方黎明 (pve)
//notes: 总体属于常规火机枪，注意和同框架的时间字句手动区分。 tags:pve
dimwishlist:item=2770617440&perks=839105230,3230963543,3400784728,557221067
dimwishlist:item=2770617440&perks=839105230,3230963543,3400784728,657025441
dimwishlist:item=2770617440&perks=839105230,3230963543,3400784728,4293542123
dimwishlist:item=2770617440&perks=839105230,3230963543,3400784728,365154968
dimwishlist:item=2770617440&perks=839105230,3230963543,1820235745,557221067
dimwishlist:item=2770617440&perks=839105230,3230963543,1820235745,657025441
dimwishlist:item=2770617440&perks=839105230,3230963543,1820235745,4293542123
dimwishlist:item=2770617440&perks=839105230,3230963543,1820235745,365154968
dimwishlist:item=2770617440&perks=839105230,3230963543,2890807135,557221067
dimwishlist:item=2770617440&perks=839105230,3230963543,2890807135,657025441
dimwishlist:item=2770617440&perks=839105230,3230963543,2890807135,4293542123
dimwishlist:item=2770617440&perks=839105230,3230963543,2890807135,365154968
dimwishlist:item=2770617440&perks=839105230,3230963543,4019266109,557221067
dimwishlist:item=2770617440&perks=839105230,3230963543,4019266109,657025441
dimwishlist:item=2770617440&perks=839105230,3230963543,4019266109,4293542123
dimwishlist:item=2770617440&perks=839105230,3230963543,4019266109,365154968
dimwishlist:item=2770617440&perks=839105230,106909392,3400784728,557221067
dimwishlist:item=2770617440&perks=839105230,106909392,3400784728,657025441
dimwishlist:item=2770617440&perks=839105230,106909392,3400784728,4293542123
dimwishlist:item=2770617440&perks=839105230,106909392,3400784728,365154968
dimwishlist:item=2770617440&perks=839105230,106909392,1820235745,557221067
dimwishlist:item=2770617440&perks=839105230,106909392,1820235745,657025441
dimwishlist:item=2770617440&perks=839105230,106909392,1820235745,4293542123
dimwishlist:item=2770617440&perks=839105230,106909392,1820235745,365154968
dimwishlist:item=2770617440&perks=839105230,106909392,2890807135,557221067
dimwishlist:item=2770617440&perks=839105230,106909392,2890807135,657025441
dimwishlist:item=2770617440&perks=839105230,106909392,2890807135,4293542123
dimwishlist:item=2770617440&perks=839105230,106909392,2890807135,365154968
dimwishlist:item=2770617440&perks=839105230,106909392,4019266109,557221067
dimwishlist:item=2770617440&perks=839105230,106909392,4019266109,657025441
dimwishlist:item=2770617440&perks=839105230,106909392,4019266109,4293542123
dimwishlist:item=2770617440&perks=839105230,106909392,4019266109,365154968
dimwishlist:item=2770617440&perks=839105230,1087426260,3400784728,557221067
dimwishlist:item=2770617440&perks=839105230,1087426260,3400784728,657025441
dimwishlist:item=2770617440&perks=839105230,1087426260,3400784728,4293542123
dimwishlist:item=2770617440&perks=839105230,1087426260,3400784728,365154968
dimwishlist:item=2770617440&perks=839105230,1087426260,1820235745,557221067
dimwishlist:item=2770617440&perks=839105230,1087426260,1820235745,657025441
dimwishlist:item=2770617440&perks=839105230,1087426260,1820235745,4293542123
dimwishlist:item=2770617440&perks=839105230,1087426260,1820235745,365154968
dimwishlist:item=2770617440&perks=839105230,1087426260,2890807135,557221067
dimwishlist:item=2770617440&perks=839105230,1087426260,2890807135,657025441
dimwishlist:item=2770617440&perks=839105230,1087426260,2890807135,4293542123
dimwishlist:item=2770617440&perks=839105230,1087426260,2890807135,365154968
dimwishlist:item=2770617440&perks=839105230,1087426260,4019266109,557221067
dimwishlist:item=2770617440&perks=839105230,1087426260,4019266109,657025441
dimwishlist:item=2770617440&perks=839105230,1087426260,4019266109,4293542123
dimwishlist:item=2770617440&perks=839105230,1087426260,4019266109,365154968
dimwishlist:item=2770617440&perks=1840239774,3230963543,3400784728,557221067
dimwishlist:item=2770617440&perks=1840239774,3230963543,3400784728,657025441
dimwishlist:item=2770617440&perks=1840239774,3230963543,3400784728,4293542123
dimwishlist:item=2770617440&perks=1840239774,3230963543,3400784728,365154968
dimwishlist:item=2770617440&perks=1840239774,3230963543,1820235745,557221067
dimwishlist:item=2770617440&perks=1840239774,3230963543,1820235745,657025441
dimwishlist:item=2770617440&perks=1840239774,3230963543,1820235745,4293542123
dimwishlist:item=2770617440&perks=1840239774,3230963543,1820235745,365154968
dimwishlist:item=2770617440&perks=1840239774,3230963543,2890807135,557221067
dimwishlist:item=2770617440&perks=1840239774,3230963543,2890807135,657025441
dimwishlist:item=2770617440&perks=1840239774,3230963543,2890807135,4293542123
dimwishlist:item=2770617440&perks=1840239774,3230963543,2890807135,365154968
dimwishlist:item=2770617440&perks=1840239774,3230963543,4019266109,557221067
dimwishlist:item=2770617440&perks=1840239774,3230963543,4019266109,657025441
dimwishlist:item=2770617440&perks=1840239774,3230963543,4019266109,4293542123
dimwishlist:item=2770617440&perks=1840239774,3230963543,4019266109,365154968
dimwishlist:item=2770617440&perks=1840239774,106909392,3400784728,557221067
dimwishlist:item=2770617440&perks=1840239774,106909392,3400784728,657025441
dimwishlist:item=2770617440&perks=1840239774,106909392,3400784728,4293542123
dimwishlist:item=2770617440&perks=1840239774,106909392,3400784728,365154968
dimwishlist:item=2770617440&perks=1840239774,106909392,1820235745,557221067
dimwishlist:item=2770617440&perks=1840239774,106909392,1820235745,657025441
dimwishlist:item=2770617440&perks=1840239774,106909392,1820235745,4293542123
dimwishlist:item=2770617440&perks=1840239774,106909392,1820235745,365154968
dimwishlist:item=2770617440&perks=1840239774,106909392,2890807135,557221067
dimwishlist:item=2770617440&perks=1840239774,106909392,2890807135,657025441
dimwishlist:item=2770617440&perks=1840239774,106909392,2890807135,4293542123
dimwishlist:item=2770617440&perks=1840239774,106909392,2890807135,365154968
dimwishlist:item=2770617440&perks=1840239774,106909392,4019266109,557221067
dimwishlist:item=2770617440&perks=1840239774,106909392,4019266109,657025441
dimwishlist:item=2770617440&perks=1840239774,106909392,4019266109,4293542123
dimwishlist:item=2770617440&perks=1840239774,106909392,4019266109,365154968
dimwishlist:item=2770617440&perks=1840239774,1087426260,3400784728,557221067
dimwishlist:item=2770617440&perks=1840239774,1087426260,3400784728,657025441
dimwishlist:item=2770617440&perks=1840239774,1087426260,3400784728,4293542123
dimwishlist:item=2770617440&perks=1840239774,1087426260,3400784728,365154968
dimwishlist:item=2770617440&perks=1840239774,1087426260,1820235745,557221067
dimwishlist:item=2770617440&perks=1840239774,1087426260,1820235745,657025441
dimwishlist:item=2770617440&perks=1840239774,1087426260,1820235745,4293542123
dimwishlist:item=2770617440&perks=1840239774,1087426260,1820235745,365154968
dimwishlist:item=2770617440&perks=1840239774,1087426260,2890807135,557221067
dimwishlist:item=2770617440&perks=1840239774,1087426260,2890807135,657025441
dimwishlist:item=2770617440&perks=1840239774,1087426260,2890807135,4293542123
dimwishlist:item=2770617440&perks=1840239774,1087426260,2890807135,365154968
dimwishlist:item=2770617440&perks=1840239774,1087426260,4019266109,557221067
dimwishlist:item=2770617440&perks=1840239774,1087426260,4019266109,657025441
dimwishlist:item=2770617440&perks=1840239774,1087426260,4019266109,4293542123
dimwishlist:item=2770617440&perks=1840239774,1087426260,4019266109,365154968
dimwishlist:item=2770617440&perks=4090651448,3230963543,3400784728,557221067
dimwishlist:item=2770617440&perks=4090651448,3230963543,3400784728,657025441
dimwishlist:item=2770617440&perks=4090651448,3230963543,3400784728,4293542123
dimwishlist:item=2770617440&perks=4090651448,3230963543,3400784728,365154968
dimwishlist:item=2770617440&perks=4090651448,3230963543,1820235745,557221067
dimwishlist:item=2770617440&perks=4090651448,3230963543,1820235745,657025441
dimwishlist:item=2770617440&perks=4090651448,3230963543,1820235745,4293542123
dimwishlist:item=2770617440&perks=4090651448,3230963543,1820235745,365154968
dimwishlist:item=2770617440&perks=4090651448,3230963543,2890807135,557221067
dimwishlist:item=2770617440&perks=4090651448,3230963543,2890807135,657025441
dimwishlist:item=2770617440&perks=4090651448,3230963543,2890807135,4293542123
dimwishlist:item=2770617440&perks=4090651448,3230963543,2890807135,365154968
dimwishlist:item=2770617440&perks=4090651448,3230963543,4019266109,557221067
dimwishlist:item=2770617440&perks=4090651448,3230963543,4019266109,657025441
dimwishlist:item=2770617440&perks=4090651448,3230963543,4019266109,4293542123
dimwishlist:item=2770617440&perks=4090651448,3230963543,4019266109,365154968
dimwishlist:item=2770617440&perks=4090651448,106909392,3400784728,557221067
dimwishlist:item=2770617440&perks=4090651448,106909392,3400784728,657025441
dimwishlist:item=2770617440&perks=4090651448,106909392,3400784728,4293542123
dimwishlist:item=2770617440&perks=4090651448,106909392,3400784728,365154968
dimwishlist:item=2770617440&perks=4090651448,106909392,1820235745,557221067
dimwishlist:item=2770617440&perks=4090651448,106909392,1820235745,657025441
dimwishlist:item=2770617440&perks=4090651448,106909392,1820235745,4293542123
dimwishlist:item=2770617440&perks=4090651448,106909392,1820235745,365154968
dimwishlist:item=2770617440&perks=4090651448,106909392,2890807135,557221067
dimwishlist:item=2770617440&perks=4090651448,106909392,2890807135,657025441
dimwishlist:item=2770617440&perks=4090651448,106909392,2890807135,4293542123
dimwishlist:item=2770617440&perks=4090651448,106909392,2890807135,365154968
dimwishlist:item=2770617440&perks=4090651448,106909392,4019266109,557221067
dimwishlist:item=2770617440&perks=4090651448,106909392,4019266109,657025441
dimwishlist:item=2770617440&perks=4090651448,106909392,4019266109,4293542123
dimwishlist:item=2770617440&perks=4090651448,106909392,4019266109,365154968
dimwishlist:item=2770617440&perks=4090651448,1087426260,3400784728,557221067
dimwishlist:item=2770617440&perks=4090651448,1087426260,3400784728,657025441
dimwishlist:item=2770617440&perks=4090651448,1087426260,3400784728,4293542123
dimwishlist:item=2770617440&perks=4090651448,1087426260,3400784728,365154968
dimwishlist:item=2770617440&perks=4090651448,1087426260,1820235745,557221067
dimwishlist:item=2770617440&perks=4090651448,1087426260,1820235745,657025441
dimwishlist:item=2770617440&perks=4090651448,1087426260,1820235745,4293542123
dimwishlist:item=2770617440&perks=4090651448,1087426260,1820235745,365154968
dimwishlist:item=2770617440&perks=4090651448,1087426260,2890807135,557221067
dimwishlist:item=2770617440&perks=4090651448,1087426260,2890807135,657025441
dimwishlist:item=2770617440&perks=4090651448,1087426260,2890807135,4293542123
dimwishlist:item=2770617440&perks=4090651448,1087426260,2890807135,365154968
dimwishlist:item=2770617440&perks=4090651448,1087426260,4019266109,557221067
dimwishlist:item=2770617440&perks=4090651448,1087426260,4019266109,657025441
dimwishlist:item=2770617440&perks=4090651448,1087426260,4019266109,4293542123
dimwishlist:item=2770617440&perks=4090651448,1087426260,4019266109,365154968


// Something New - 新玩意 (pve)
//notes: perk池偏pvp。起源特性和框架都不占优势，除了有T5还不如年七的蜕皮 tags:pve
dimwishlist:item=2877020298&perks=839105230,1885400500,1955165503,124408337
dimwishlist:item=2877020298&perks=839105230,3230963543,1955165503,124408337
dimwishlist:item=2877020298&perks=839105230,106909392,1955165503,124408337
dimwishlist:item=2877020298&perks=4090651448,1885400500,1955165503,124408337
dimwishlist:item=2877020298&perks=4090651448,3230963543,1955165503,124408337
dimwishlist:item=2877020298&perks=4090651448,106909392,1955165503,124408337
dimwishlist:item=2877020298&perks=1840239774,1885400500,1955165503,124408337
dimwishlist:item=2877020298&perks=1840239774,3230963543,1955165503,124408337
dimwishlist:item=2877020298&perks=1840239774,106909392,1955165503,124408337


// Yeartide Apex - 岁时之巅 (pve)
//notes: 火微冲的顶点，最顶级的火perk池，必roll。常规能量球+混沌+燃烧足够应对大多数情况，燃烧野心用来给火分支回职业能量或者补燃烧层数，低端局可以辉耀开炸。 tags:pve
dimwishlist:item=2965080304&perks=1840239774,106909392,3017780555,2890807135
dimwishlist:item=2965080304&perks=1840239774,106909392,3017780555,4293542123
dimwishlist:item=2965080304&perks=1840239774,106909392,3017780555,3640170453
dimwishlist:item=2965080304&perks=1840239774,106909392,243981275,2890807135
dimwishlist:item=2965080304&perks=1840239774,106909392,243981275,4293542123
dimwishlist:item=2965080304&perks=1840239774,106909392,243981275,3640170453
dimwishlist:item=2965080304&perks=1840239774,3230963543,3017780555,2890807135
dimwishlist:item=2965080304&perks=1840239774,3230963543,3017780555,4293542123
dimwishlist:item=2965080304&perks=1840239774,3230963543,3017780555,3640170453
dimwishlist:item=2965080304&perks=1840239774,3230963543,243981275,2890807135
dimwishlist:item=2965080304&perks=1840239774,3230963543,243981275,4293542123
dimwishlist:item=2965080304&perks=1840239774,3230963543,243981275,3640170453
dimwishlist:item=2965080304&perks=1840239774,1885400500,3017780555,2890807135
dimwishlist:item=2965080304&perks=1840239774,1885400500,3017780555,4293542123
dimwishlist:item=2965080304&perks=1840239774,1885400500,3017780555,3640170453
dimwishlist:item=2965080304&perks=1840239774,1885400500,243981275,2890807135
dimwishlist:item=2965080304&perks=1840239774,1885400500,243981275,4293542123
dimwishlist:item=2965080304&perks=1840239774,1885400500,243981275,3640170453
dimwishlist:item=2965080304&perks=839105230,106909392,3017780555,2890807135
dimwishlist:item=2965080304&perks=839105230,106909392,3017780555,4293542123
dimwishlist:item=2965080304&perks=839105230,106909392,3017780555,3640170453
dimwishlist:item=2965080304&perks=839105230,106909392,243981275,2890807135
dimwishlist:item=2965080304&perks=839105230,106909392,243981275,4293542123
dimwishlist:item=2965080304&perks=839105230,106909392,243981275,3640170453
dimwishlist:item=2965080304&perks=839105230,3230963543,3017780555,2890807135
dimwishlist:item=2965080304&perks=839105230,3230963543,3017780555,4293542123
dimwishlist:item=2965080304&perks=839105230,3230963543,3017780555,3640170453
dimwishlist:item=2965080304&perks=839105230,3230963543,243981275,2890807135
dimwishlist:item=2965080304&perks=839105230,3230963543,243981275,4293542123
dimwishlist:item=2965080304&perks=839105230,3230963543,243981275,3640170453
dimwishlist:item=2965080304&perks=839105230,1885400500,3017780555,2890807135
dimwishlist:item=2965080304&perks=839105230,1885400500,3017780555,4293542123
dimwishlist:item=2965080304&perks=839105230,1885400500,3017780555,3640170453
dimwishlist:item=2965080304&perks=839105230,1885400500,243981275,2890807135
dimwishlist:item=2965080304&perks=839105230,1885400500,243981275,4293542123
dimwishlist:item=2965080304&perks=839105230,1885400500,243981275,3640170453
dimwishlist:item=2965080304&perks=4090651448,106909392,3017780555,2890807135
dimwishlist:item=2965080304&perks=4090651448,106909392,3017780555,4293542123
dimwishlist:item=2965080304&perks=4090651448,106909392,3017780555,3640170453
dimwishlist:item=2965080304&perks=4090651448,106909392,243981275,2890807135
dimwishlist:item=2965080304&perks=4090651448,106909392,243981275,4293542123
dimwishlist:item=2965080304&perks=4090651448,106909392,243981275,3640170453
dimwishlist:item=2965080304&perks=4090651448,3230963543,3017780555,2890807135
dimwishlist:item=2965080304&perks=4090651448,3230963543,3017780555,4293542123
dimwishlist:item=2965080304&perks=4090651448,3230963543,3017780555,3640170453
dimwishlist:item=2965080304&perks=4090651448,3230963543,243981275,2890807135
dimwishlist:item=2965080304&perks=4090651448,3230963543,243981275,4293542123
dimwishlist:item=2965080304&perks=4090651448,3230963543,243981275,3640170453
dimwishlist:item=2965080304&perks=4090651448,1885400500,3017780555,2890807135
dimwishlist:item=2965080304&perks=4090651448,1885400500,3017780555,4293542123
dimwishlist:item=2965080304&perks=4090651448,1885400500,3017780555,3640170453
dimwishlist:item=2965080304&perks=4090651448,1885400500,243981275,2890807135
dimwishlist:item=2965080304&perks=4090651448,1885400500,243981275,4293542123
dimwishlist:item=2965080304&perks=4090651448,1885400500,243981275,3640170453
dimwishlist:item=2965080304&perks=3661387068,106909392,3017780555,2890807135
dimwishlist:item=2965080304&perks=3661387068,106909392,3017780555,4293542123
dimwishlist:item=2965080304&perks=3661387068,106909392,3017780555,3640170453
dimwishlist:item=2965080304&perks=3661387068,106909392,243981275,2890807135
dimwishlist:item=2965080304&perks=3661387068,106909392,243981275,4293542123
dimwishlist:item=2965080304&perks=3661387068,106909392,243981275,3640170453
dimwishlist:item=2965080304&perks=3661387068,3230963543,3017780555,2890807135
dimwishlist:item=2965080304&perks=3661387068,3230963543,3017780555,4293542123
dimwishlist:item=2965080304&perks=3661387068,3230963543,3017780555,3640170453
dimwishlist:item=2965080304&perks=3661387068,3230963543,243981275,2890807135
dimwishlist:item=2965080304&perks=3661387068,3230963543,243981275,4293542123
dimwishlist:item=2965080304&perks=3661387068,3230963543,243981275,3640170453
dimwishlist:item=2965080304&perks=3661387068,1885400500,3017780555,2890807135
dimwishlist:item=2965080304&perks=3661387068,1885400500,3017780555,4293542123
dimwishlist:item=2965080304&perks=3661387068,1885400500,3017780555,3640170453
dimwishlist:item=2965080304&perks=3661387068,1885400500,243981275,2890807135
dimwishlist:item=2965080304&perks=3661387068,1885400500,243981275,4293542123
dimwishlist:item=2965080304&perks=3661387068,1885400500,243981275,3640170453
dimwishlist:item=2965080304&perks=1392496348,106909392,3017780555,2890807135
dimwishlist:item=2965080304&perks=1392496348,106909392,3017780555,4293542123
dimwishlist:item=2965080304&perks=1392496348,106909392,3017780555,3640170453
dimwishlist:item=2965080304&perks=1392496348,106909392,243981275,2890807135
dimwishlist:item=2965080304&perks=1392496348,106909392,243981275,4293542123
dimwishlist:item=2965080304&perks=1392496348,106909392,243981275,3640170453
dimwishlist:item=2965080304&perks=1392496348,3230963543,3017780555,2890807135
dimwishlist:item=2965080304&perks=1392496348,3230963543,3017780555,4293542123
dimwishlist:item=2965080304&perks=1392496348,3230963543,3017780555,3640170453
dimwishlist:item=2965080304&perks=1392496348,3230963543,243981275,2890807135
dimwishlist:item=2965080304&perks=1392496348,3230963543,243981275,4293542123
dimwishlist:item=2965080304&perks=1392496348,3230963543,243981275,3640170453
dimwishlist:item=2965080304&perks=1392496348,1885400500,3017780555,2890807135
dimwishlist:item=2965080304&perks=1392496348,1885400500,3017780555,4293542123
dimwishlist:item=2965080304&perks=1392496348,1885400500,3017780555,3640170453
dimwishlist:item=2965080304&perks=1392496348,1885400500,243981275,2890807135
dimwishlist:item=2965080304&perks=1392496348,1885400500,243981275,4293542123
dimwishlist:item=2965080304&perks=1392496348,1885400500,243981275,3640170453
dimwishlist:item=2965080304&perks=1482024992,106909392,3017780555,2890807135
dimwishlist:item=2965080304&perks=1482024992,106909392,3017780555,4293542123
dimwishlist:item=2965080304&perks=1482024992,106909392,3017780555,3640170453
dimwishlist:item=2965080304&perks=1482024992,106909392,243981275,2890807135
dimwishlist:item=2965080304&perks=1482024992,106909392,243981275,4293542123
dimwishlist:item=2965080304&perks=1482024992,106909392,243981275,3640170453
dimwishlist:item=2965080304&perks=1482024992,3230963543,3017780555,2890807135
dimwishlist:item=2965080304&perks=1482024992,3230963543,3017780555,4293542123
dimwishlist:item=2965080304&perks=1482024992,3230963543,3017780555,3640170453
dimwishlist:item=2965080304&perks=1482024992,3230963543,243981275,2890807135
dimwishlist:item=2965080304&perks=1482024992,3230963543,243981275,4293542123
dimwishlist:item=2965080304&perks=1482024992,3230963543,243981275,3640170453
dimwishlist:item=2965080304&perks=1482024992,1885400500,3017780555,2890807135
dimwishlist:item=2965080304&perks=1482024992,1885400500,3017780555,4293542123
dimwishlist:item=2965080304&perks=1482024992,1885400500,3017780555,3640170453
dimwishlist:item=2965080304&perks=1482024992,1885400500,243981275,2890807135
dimwishlist:item=2965080304&perks=1482024992,1885400500,243981275,4293542123
dimwishlist:item=2965080304&perks=1482024992,1885400500,243981275,3640170453


// Yeartide Apex - 岁时之巅 (pve)
//notes: 火微冲的顶点，最顶级的火perk池，必roll。常规能量球+混沌+燃烧足够应对大多数情况，燃烧野心用来给火分支回职业能量或者补燃烧层数，低端局可以辉耀开炸。 tags:pve
dimwishlist:item=3293207827&perks=1840239774,106909392,3017780555,2890807135
dimwishlist:item=3293207827&perks=1840239774,106909392,3017780555,4293542123
dimwishlist:item=3293207827&perks=1840239774,106909392,3017780555,3640170453
dimwishlist:item=3293207827&perks=1840239774,106909392,243981275,2890807135
dimwishlist:item=3293207827&perks=1840239774,106909392,243981275,4293542123
dimwishlist:item=3293207827&perks=1840239774,106909392,243981275,3640170453
dimwishlist:item=3293207827&perks=1840239774,3230963543,3017780555,2890807135
dimwishlist:item=3293207827&perks=1840239774,3230963543,3017780555,4293542123
dimwishlist:item=3293207827&perks=1840239774,3230963543,3017780555,3640170453
dimwishlist:item=3293207827&perks=1840239774,3230963543,243981275,2890807135
dimwishlist:item=3293207827&perks=1840239774,3230963543,243981275,4293542123
dimwishlist:item=3293207827&perks=1840239774,3230963543,243981275,3640170453
dimwishlist:item=3293207827&perks=1840239774,1885400500,3017780555,2890807135
dimwishlist:item=3293207827&perks=1840239774,1885400500,3017780555,4293542123
dimwishlist:item=3293207827&perks=1840239774,1885400500,3017780555,3640170453
dimwishlist:item=3293207827&perks=1840239774,1885400500,243981275,2890807135
dimwishlist:item=3293207827&perks=1840239774,1885400500,243981275,4293542123
dimwishlist:item=3293207827&perks=1840239774,1885400500,243981275,3640170453
dimwishlist:item=3293207827&perks=4090651448,106909392,3017780555,2890807135
dimwishlist:item=3293207827&perks=4090651448,106909392,3017780555,4293542123
dimwishlist:item=3293207827&perks=4090651448,106909392,3017780555,3640170453
dimwishlist:item=3293207827&perks=4090651448,106909392,243981275,2890807135
dimwishlist:item=3293207827&perks=4090651448,106909392,243981275,4293542123
dimwishlist:item=3293207827&perks=4090651448,106909392,243981275,3640170453
dimwishlist:item=3293207827&perks=4090651448,3230963543,3017780555,2890807135
dimwishlist:item=3293207827&perks=4090651448,3230963543,3017780555,4293542123
dimwishlist:item=3293207827&perks=4090651448,3230963543,3017780555,3640170453
dimwishlist:item=3293207827&perks=4090651448,3230963543,243981275,2890807135
dimwishlist:item=3293207827&perks=4090651448,3230963543,243981275,4293542123
dimwishlist:item=3293207827&perks=4090651448,3230963543,243981275,3640170453
dimwishlist:item=3293207827&perks=4090651448,1885400500,3017780555,2890807135
dimwishlist:item=3293207827&perks=4090651448,1885400500,3017780555,4293542123
dimwishlist:item=3293207827&perks=4090651448,1885400500,3017780555,3640170453
dimwishlist:item=3293207827&perks=4090651448,1885400500,243981275,2890807135
dimwishlist:item=3293207827&perks=4090651448,1885400500,243981275,4293542123
dimwishlist:item=3293207827&perks=4090651448,1885400500,243981275,3640170453
dimwishlist:item=3293207827&perks=839105230,106909392,3017780555,2890807135
dimwishlist:item=3293207827&perks=839105230,106909392,3017780555,4293542123
dimwishlist:item=3293207827&perks=839105230,106909392,3017780555,3640170453
dimwishlist:item=3293207827&perks=839105230,106909392,243981275,2890807135
dimwishlist:item=3293207827&perks=839105230,106909392,243981275,4293542123
dimwishlist:item=3293207827&perks=839105230,106909392,243981275,3640170453
dimwishlist:item=3293207827&perks=839105230,3230963543,3017780555,2890807135
dimwishlist:item=3293207827&perks=839105230,3230963543,3017780555,4293542123
dimwishlist:item=3293207827&perks=839105230,3230963543,3017780555,3640170453
dimwishlist:item=3293207827&perks=839105230,3230963543,243981275,2890807135
dimwishlist:item=3293207827&perks=839105230,3230963543,243981275,4293542123
dimwishlist:item=3293207827&perks=839105230,3230963543,243981275,3640170453
dimwishlist:item=3293207827&perks=839105230,1885400500,3017780555,2890807135
dimwishlist:item=3293207827&perks=839105230,1885400500,3017780555,4293542123
dimwishlist:item=3293207827&perks=839105230,1885400500,3017780555,3640170453
dimwishlist:item=3293207827&perks=839105230,1885400500,243981275,2890807135
dimwishlist:item=3293207827&perks=839105230,1885400500,243981275,4293542123
dimwishlist:item=3293207827&perks=839105230,1885400500,243981275,3640170453
dimwishlist:item=3293207827&perks=3661387068,106909392,3017780555,2890807135
dimwishlist:item=3293207827&perks=3661387068,106909392,3017780555,4293542123
dimwishlist:item=3293207827&perks=3661387068,106909392,3017780555,3640170453
dimwishlist:item=3293207827&perks=3661387068,106909392,243981275,2890807135
dimwishlist:item=3293207827&perks=3661387068,106909392,243981275,4293542123
dimwishlist:item=3293207827&perks=3661387068,106909392,243981275,3640170453
dimwishlist:item=3293207827&perks=3661387068,3230963543,3017780555,2890807135
dimwishlist:item=3293207827&perks=3661387068,3230963543,3017780555,4293542123
dimwishlist:item=3293207827&perks=3661387068,3230963543,3017780555,3640170453
dimwishlist:item=3293207827&perks=3661387068,3230963543,243981275,2890807135
dimwishlist:item=3293207827&perks=3661387068,3230963543,243981275,4293542123
dimwishlist:item=3293207827&perks=3661387068,3230963543,243981275,3640170453
dimwishlist:item=3293207827&perks=3661387068,1885400500,3017780555,2890807135
dimwishlist:item=3293207827&perks=3661387068,1885400500,3017780555,4293542123
dimwishlist:item=3293207827&perks=3661387068,1885400500,3017780555,3640170453
dimwishlist:item=3293207827&perks=3661387068,1885400500,243981275,2890807135
dimwishlist:item=3293207827&perks=3661387068,1885400500,243981275,4293542123
dimwishlist:item=3293207827&perks=3661387068,1885400500,243981275,3640170453
dimwishlist:item=3293207827&perks=1392496348,106909392,3017780555,2890807135
dimwishlist:item=3293207827&perks=1392496348,106909392,3017780555,4293542123
dimwishlist:item=3293207827&perks=1392496348,106909392,3017780555,3640170453
dimwishlist:item=3293207827&perks=1392496348,106909392,243981275,2890807135
dimwishlist:item=3293207827&perks=1392496348,106909392,243981275,4293542123
dimwishlist:item=3293207827&perks=1392496348,106909392,243981275,3640170453
dimwishlist:item=3293207827&perks=1392496348,3230963543,3017780555,2890807135
dimwishlist:item=3293207827&perks=1392496348,3230963543,3017780555,4293542123
dimwishlist:item=3293207827&perks=1392496348,3230963543,3017780555,3640170453
dimwishlist:item=3293207827&perks=1392496348,3230963543,243981275,2890807135
dimwishlist:item=3293207827&perks=1392496348,3230963543,243981275,4293542123
dimwishlist:item=3293207827&perks=1392496348,3230963543,243981275,3640170453
dimwishlist:item=3293207827&perks=1392496348,1885400500,3017780555,2890807135
dimwishlist:item=3293207827&perks=1392496348,1885400500,3017780555,4293542123
dimwishlist:item=3293207827&perks=1392496348,1885400500,3017780555,3640170453
dimwishlist:item=3293207827&perks=1392496348,1885400500,243981275,2890807135
dimwishlist:item=3293207827&perks=1392496348,1885400500,243981275,4293542123
dimwishlist:item=3293207827&perks=1392496348,1885400500,243981275,3640170453
dimwishlist:item=3293207827&perks=1482024992,106909392,3017780555,2890807135
dimwishlist:item=3293207827&perks=1482024992,106909392,3017780555,4293542123
dimwishlist:item=3293207827&perks=1482024992,106909392,3017780555,3640170453
dimwishlist:item=3293207827&perks=1482024992,106909392,243981275,2890807135
dimwishlist:item=3293207827&perks=1482024992,106909392,243981275,4293542123
dimwishlist:item=3293207827&perks=1482024992,106909392,243981275,3640170453
dimwishlist:item=3293207827&perks=1482024992,3230963543,3017780555,2890807135
dimwishlist:item=3293207827&perks=1482024992,3230963543,3017780555,4293542123
dimwishlist:item=3293207827&perks=1482024992,3230963543,3017780555,3640170453
dimwishlist:item=3293207827&perks=1482024992,3230963543,243981275,2890807135
dimwishlist:item=3293207827&perks=1482024992,3230963543,243981275,4293542123
dimwishlist:item=3293207827&perks=1482024992,3230963543,243981275,3640170453
dimwishlist:item=3293207827&perks=1482024992,1885400500,3017780555,2890807135
dimwishlist:item=3293207827&perks=1482024992,1885400500,3017780555,4293542123
dimwishlist:item=3293207827&perks=1482024992,1885400500,3017780555,3640170453
dimwishlist:item=3293207827&perks=1482024992,1885400500,243981275,2890807135
dimwishlist:item=3293207827&perks=1482024992,1885400500,243981275,4293542123
dimwishlist:item=3293207827&perks=1482024992,1885400500,243981275,3640170453


// Rapid Growth - 快速增长 (pve)
//notes: 补伤害用唯二电速射狙。通用事不过四回转+续航，有增幅超充，进一步有小盾可以涓流。 tags:pve
dimwishlist:item=3448712083&perks=3661387068,106909392,1354429876,3764420437
dimwishlist:item=3448712083&perks=3661387068,106909392,1115162408,3764420437
dimwishlist:item=3448712083&perks=3661387068,106909392,1511100135,3764420437
dimwishlist:item=3448712083&perks=3661387068,3230963543,1354429876,3764420437
dimwishlist:item=3448712083&perks=3661387068,3230963543,1115162408,3764420437
dimwishlist:item=3448712083&perks=3661387068,3230963543,1511100135,3764420437
dimwishlist:item=3448712083&perks=3661387068,1087426260,1354429876,3764420437
dimwishlist:item=3448712083&perks=3661387068,1087426260,1115162408,3764420437
dimwishlist:item=3448712083&perks=3661387068,1087426260,1511100135,3764420437
dimwishlist:item=3448712083&perks=4090651448,106909392,1354429876,3764420437
dimwishlist:item=3448712083&perks=4090651448,106909392,1115162408,3764420437
dimwishlist:item=3448712083&perks=4090651448,106909392,1511100135,3764420437
dimwishlist:item=3448712083&perks=4090651448,3230963543,1354429876,3764420437
dimwishlist:item=3448712083&perks=4090651448,3230963543,1115162408,3764420437
dimwishlist:item=3448712083&perks=4090651448,3230963543,1511100135,3764420437
dimwishlist:item=3448712083&perks=4090651448,1087426260,1354429876,3764420437
dimwishlist:item=3448712083&perks=4090651448,1087426260,1115162408,3764420437
dimwishlist:item=3448712083&perks=4090651448,1087426260,1511100135,3764420437
dimwishlist:item=3448712083&perks=1392496348,106909392,1354429876,3764420437
dimwishlist:item=3448712083&perks=1392496348,106909392,1115162408,3764420437
dimwishlist:item=3448712083&perks=1392496348,106909392,1511100135,3764420437
dimwishlist:item=3448712083&perks=1392496348,3230963543,1354429876,3764420437
dimwishlist:item=3448712083&perks=1392496348,3230963543,1115162408,3764420437
dimwishlist:item=3448712083&perks=1392496348,3230963543,1511100135,3764420437
dimwishlist:item=3448712083&perks=1392496348,1087426260,1354429876,3764420437
dimwishlist:item=3448712083&perks=1392496348,1087426260,1115162408,3764420437
dimwishlist:item=3448712083&perks=1392496348,1087426260,1511100135,3764420437
dimwishlist:item=3448712083&perks=1482024992,106909392,1354429876,3764420437
dimwishlist:item=3448712083&perks=1482024992,106909392,1115162408,3764420437
dimwishlist:item=3448712083&perks=1482024992,106909392,1511100135,3764420437
dimwishlist:item=3448712083&perks=1482024992,3230963543,1354429876,3764420437
dimwishlist:item=3448712083&perks=1482024992,3230963543,1115162408,3764420437
dimwishlist:item=3448712083&perks=1482024992,3230963543,1511100135,3764420437
dimwishlist:item=3448712083&perks=1482024992,1087426260,1354429876,3764420437
dimwishlist:item=3448712083&perks=1482024992,1087426260,1115162408,3764420437
dimwishlist:item=3448712083&perks=1482024992,1087426260,1511100135,3764420437


// Rapid Growth - 快速增长 (pve)
//notes: 补伤害用唯二电速射狙。通用事不过四回转+续航，有增幅超充，进一步有小盾可以涓流。 tags:pve
dimwishlist:item=3856342856&perks=839105230,106909392,1354429876,3764420437
dimwishlist:item=3856342856&perks=839105230,106909392,1511100135,3764420437
dimwishlist:item=3856342856&perks=839105230,106909392,1115162408,3764420437
dimwishlist:item=3856342856&perks=839105230,1087426260,1354429876,3764420437
dimwishlist:item=3856342856&perks=839105230,1087426260,1511100135,3764420437
dimwishlist:item=3856342856&perks=839105230,1087426260,1115162408,3764420437
dimwishlist:item=3856342856&perks=839105230,3230963543,1354429876,3764420437
dimwishlist:item=3856342856&perks=839105230,3230963543,1511100135,3764420437
dimwishlist:item=3856342856&perks=839105230,3230963543,1115162408,3764420437
dimwishlist:item=3856342856&perks=1840239774,106909392,1354429876,3764420437
dimwishlist:item=3856342856&perks=1840239774,106909392,1511100135,3764420437
dimwishlist:item=3856342856&perks=1840239774,106909392,1115162408,3764420437
dimwishlist:item=3856342856&perks=1840239774,1087426260,1354429876,3764420437
dimwishlist:item=3856342856&perks=1840239774,1087426260,1511100135,3764420437
dimwishlist:item=3856342856&perks=1840239774,1087426260,1115162408,3764420437
dimwishlist:item=3856342856&perks=1840239774,3230963543,1354429876,3764420437
dimwishlist:item=3856342856&perks=1840239774,3230963543,1511100135,3764420437
dimwishlist:item=3856342856&perks=1840239774,3230963543,1115162408,3764420437
dimwishlist:item=3856342856&perks=4090651448,106909392,1354429876,3764420437
dimwishlist:item=3856342856&perks=4090651448,106909392,1511100135,3764420437
dimwishlist:item=3856342856&perks=4090651448,106909392,1115162408,3764420437
dimwishlist:item=3856342856&perks=4090651448,1087426260,1354429876,3764420437
dimwishlist:item=3856342856&perks=4090651448,1087426260,1511100135,3764420437
dimwishlist:item=3856342856&perks=4090651448,1087426260,1115162408,3764420437
dimwishlist:item=3856342856&perks=4090651448,3230963543,1354429876,3764420437
dimwishlist:item=3856342856&perks=4090651448,3230963543,1511100135,3764420437
dimwishlist:item=3856342856&perks=4090651448,3230963543,1115162408,3764420437


// Festival Flight - 庆典飞行 (god-pve)
//notes: 主手，下蛋+切割上割裂，必roll。切割+能量球仅此一把，完美契合猎人，产球同时大范围上割裂，完美武器。嫉妒军械库+元素磨砺用来脱手输出也可以。 tags:god-pve
dimwishlist:item=3977654524&perks=2822142346,923806249,243981275
dimwishlist:item=3977654524&perks=2822142346,923806249,1089671869
dimwishlist:item=3977654524&perks=2822142346,3987942396,243981275
dimwishlist:item=3977654524&perks=2822142346,3987942396,1089671869
dimwishlist:item=3977654524&perks=2822142346,3523296417,243981275
dimwishlist:item=3977654524&perks=2822142346,3523296417,1089671869
dimwishlist:item=3977654524&perks=2822142346,1017229899,243981275
dimwishlist:item=3977654524&perks=2822142346,1017229899,1089671869


// Festival Flight - 庆典飞行 (god-pve)
//notes: 主手，下蛋+切割上割裂，必roll。切割+能量球仅此一把，完美契合猎人，产球同时大范围上割裂，完美武器。嫉妒军械库+元素磨砺用来脱手输出也可以。 tags:god-pve
dimwishlist:item=4019651319&perks=2822142346,923806249,243981275
dimwishlist:item=4019651319&perks=2822142346,923806249,1089671869
dimwishlist:item=4019651319&perks=2822142346,3987942396,243981275
dimwishlist:item=4019651319&perks=2822142346,3987942396,1089671869
dimwishlist:item=4019651319&perks=2822142346,3523296417,243981275
dimwishlist:item=4019651319&perks=2822142346,3523296417,1089671869
dimwishlist:item=4019651319&perks=2822142346,1017229899,243981275
dimwishlist:item=4019651319&perks=2822142346,1017229899,1089671869


